1.49824e+11 
1.49471e+11 
1.48943e+11 
1.48239e+11 
1.47359e+11 
1.46305e+11 
1.45078e+11 
1.43678e+11 
1.42108e+11 
1.40368e+11 
1.38461e+11 
1.3639e+11 
1.34155e+11 
1.3176e+11 
1.29208e+11 
1.26501e+11 
1.23643e+11 
1.20636e+11 
1.17485e+11 
1.14194e+11 
1.10765e+11 
1.07203e+11 
1.03513e+11 
9.96992e+10 
9.57655e+10 
9.1717e+10 
8.75585e+10 
8.32951e+10 
7.8932e+10 
7.44744e+10 
6.99278e+10 
6.52975e+10 
6.05892e+10 
5.58087e+10 
5.09616e+10 
4.60538e+10 
4.10912e+10 
3.60798e+10 
3.10256e+10 
2.59345e+10 
2.08128e+10 
1.56666e+10 
1.05018e+10 
5.32461e+09 
1.41197e+08 
-5.04239e+09 
-1.02201e+10 
-1.53858e+10 
-2.05335e+10 
-2.56574e+10 
-3.07513e+10 
-3.58097e+10 
-4.08265e+10 
-4.57961e+10 
-5.0713e+10 
-5.55715e+10 
-6.03662e+10 
-6.50918e+10 
-6.9743e+10 
-7.43147e+10 
-7.88019e+10 
-8.31997e+10 
-8.75033e+10 
-9.17081e+10 
-9.58096e+10 
-9.98035e+10 
-1.03686e+11 
-1.07452e+11 
-1.11098e+11 
-1.14621e+11 
-1.18016e+11 
-1.21281e+11 
-1.24412e+11 
-1.27405e+11 
-1.30259e+11 
-1.3297e+11 
-1.35535e+11 
-1.37953e+11 
-1.4022e+11 
-1.42335e+11 
-1.44296e+11 
-1.461e+11 
-1.47747e+11 
-1.49235e+11 
-1.50563e+11 
-1.51729e+11 
-1.52732e+11 
-1.53573e+11 
-1.5425e+11 
-1.54762e+11 
-1.55111e+11 
-1.55295e+11 
-1.55314e+11 
-1.5517e+11 
-1.54861e+11 
-1.5439e+11 
-1.53757e+11 
-1.52961e+11 
-1.52006e+11 
-1.50891e+11 
-1.49619e+11 
-1.4819e+11 
-1.46607e+11 
-1.4487e+11 
-1.42983e+11 
-1.40947e+11 
-1.38765e+11 
-1.36438e+11 
-1.3397e+11 
-1.31363e+11 
-1.28619e+11 
-1.25742e+11 
-1.22735e+11 
-1.19601e+11 
-1.16343e+11 
-1.12964e+11 
-1.09469e+11 
-1.0586e+11 
-1.02142e+11 
-9.83175e+10 
-9.43915e+10 
-9.03676e+10 
-8.62501e+10 
-8.20432e+10 
-7.77511e+10 
-7.33784e+10 
-6.89294e+10 
-6.44087e+10 
-5.98211e+10 
-5.51711e+10 
-5.04636e+10 
-4.57035e+10 
-4.08957e+10 
-3.6045e+10 
-3.11567e+10 
-2.62356e+10 
-2.1287e+10 
-1.63161e+10 
-1.13279e+10 
-6.32785e+09 
-1.32107e+09 
3.6871e+09 
8.69136e+09 
1.36864e+10 
1.86669e+10 
2.36275e+10 
2.85628e+10 
3.34676e+10 
3.83365e+10 
4.31643e+10 
4.79455e+10 
5.2675e+10 
5.73476e+10 
6.19581e+10 
6.65012e+10 
7.0972e+10 
7.53653e+10 
7.96762e+10 
8.38997e+10 
8.80311e+10 
9.20655e+10 
9.59982e+10 
9.98247e+10 
1.0354e+11 
1.07141e+11 
1.10622e+11 
1.1398e+11 
1.17209e+11 
1.20307e+11 
1.2327e+11 
1.26093e+11 
1.28774e+11 
1.31309e+11 
1.33694e+11 
1.35928e+11 
1.38005e+11 
1.39925e+11 
1.41684e+11 
1.43281e+11 
1.44712e+11 
1.45976e+11 
1.47071e+11 
1.47995e+11 
1.48747e+11 
1.49326e+11 
1.49731e+11 
1.4996e+11 
1.50014e+11 
1.49892e+11 
1.49593e+11 
