5.184e+09
1.03619e+10
1.55276e+10
2.0675e+10
2.57979e+10
3.08903e+10
3.5946e+10
4.09591e+10
4.59236e+10
5.08333e+10
5.56826e+10
6.04654e+10
6.51761e+10
6.98089e+10
7.43582e+10
7.88186e+10
8.31847e+10
8.74511e+10
9.16127e+10
9.56646e+10
9.96017e+10
1.03419e+11
1.07113e+11
1.10678e+11
1.14111e+11
1.17407e+11
1.20562e+11
1.23572e+11
1.26435e+11
1.29146e+11
1.31703e+11
1.34102e+11
1.36341e+11
1.38418e+11
1.40329e+11
1.42074e+11
1.43649e+11
1.45054e+11
1.46286e+11
1.47345e+11
1.4823e+11
1.48939e+11
1.49473e+11
1.49831e+11
1.50012e+11
1.50017e+11
1.49847e+11
1.49501e+11
1.48981e+11
1.48287e+11
1.4742e+11
1.46383e+11
1.45176e+11
1.43801e+11
1.42261e+11
1.40556e+11
1.38691e+11
1.36666e+11
1.34486e+11
1.32152e+11
1.29668e+11
1.27036e+11
1.24261e+11
1.21346e+11
1.18294e+11
1.15109e+11
1.11795e+11
1.08356e+11
1.04796e+11
1.0112e+11
9.73314e+10
9.34351e+10
8.94355e+10
8.53374e+10
8.11455e+10
7.68646e+10
7.24996e+10
6.80555e+10
6.35373e+10
5.895e+10
5.42989e+10
4.95891e+10
4.48257e+10
4.0014e+10
3.51594e+10
3.02671e+10
2.53423e+10
2.03905e+10
1.5417e+10
1.04271e+10
5.42605e+09
4.19291e+08
-4.58791e+09
-9.59027e+09
-1.45825e+10
-1.95594e+10
-2.45157e+10
-2.94463e+10
-3.4346e+10
-3.92097e+10
-4.40324e+10
-4.88091e+10
-5.35349e+10
-5.82049e+10
-6.28142e+10
-6.73582e+10
-7.18322e+10
-7.62315e+10
-8.05517e+10
-8.47884e+10
-8.89371e+10
-9.29936e+10
-9.69537e+10
-1.00813e+11
-1.04569e+11
-1.08216e+11
-1.11751e+11
-1.1517e+11
-1.1847e+11
-1.21648e+11
-1.24699e+11
-1.27621e+11
-1.30411e+11
-1.33066e+11
-1.35583e+11
-1.37958e+11
-1.40191e+11
-1.42278e+11
-1.44217e+11
-1.46005e+11
-1.47642e+11
-1.49124e+11
-1.50451e+11
-1.5162e+11
-1.52631e+11
-1.53481e+11
-1.54171e+11
-1.54698e+11
-1.55062e+11
-1.55263e+11
-1.553e+11
-1.55172e+11
-1.54881e+11
-1.54424e+11
-1.53803e+11
-1.53019e+11
-1.52071e+11
-1.5096e+11
-1.49688e+11
-1.48255e+11
-1.46662e+11
-1.44911e+11
-1.43003e+11
-1.4094e+11
-1.38724e+11
-1.36357e+11
-1.33842e+11
-1.3118e+11
-1.28374e+11
-1.25427e+11
-1.22342e+11
-1.19122e+11
-1.1577e+11
-1.12289e+11
-1.08684e+11
-1.04958e+11
-1.01114e+11
-9.71568e+10
-9.30905e+10
-8.89195e+10
-8.46481e+10
-8.02809e+10
-7.58226e+10
-7.12781e+10
-6.66525e+10
-6.19506e+10
-5.71779e+10
-5.23395e+10
-4.7441e+10
-4.24877e+10
-3.74854e+10
-3.24396e+10
-2.73563e+10
-2.22411e+10
-1.71e+10
-1.19389e+10
-6.7639e+09
-1.58096e+09
3.60384e+09
8.7844e+09
