0
0.00137361
0.00274722
0.00412083
0.00549444
0.00686804
0.00824165
0.00961526
0.0109889
0.0123625
0.0137361
0.0151097
0.0164833
0.0178569
0.0192305
0.0206041
0.0219777
0.0233514
0.024725
0.0260986
0.0274722
0.0288458
0.0302194
0.031593
0.0329666
0.0343402
0.0357138
0.0370874
0.038461
0.0398347
0.0412083
0.0425819
0.0439555
0.0453291
0.0467027
0.0480763
0.0494499
0.0508235
0.0521971
0.0535707
0.0549444
0.056318
0.0576916
0.0590652
0.0604388
0.0618124
0.063186
0.0645596
0.0659332
0.0673068
0.0686804
0.0700541
0.0714277
0.0728013
0.0741749
0.0755485
0.0769221
0.0782957
0.0796693
0.0810429
0.0824165
0.0837901
0.0851637
0.0865374
0.087911
0.0892846
0.0906582
0.0920318
0.0934054
0.094779
0.0961526
0.0975262
0.0988998
0.100273
0.101647
0.103021
0.104394
0.105768
0.107141
0.108515
0.109889
0.111262
0.112636
0.11401
0.115383
0.116757
0.11813
0.119504
0.120878
0.122251
0.123625
0.124998
0.126372
0.127746
0.129119
0.130493
0.131866
0.13324
0.134614
0.135987
0.137361
0.138735
0.140108
0.141482
0.142855
0.144229
0.145603
0.146976
0.14835
0.149723
0.151097
0.152471
0.153844
0.155218
0.156591
0.157965
0.159339
0.160712
0.162086
0.163459
0.164833
0.166207
0.16758
0.168954
0.170327
0.171701
0.173075
0.174448
0.175822
0.177196
0.178569
0.179943
0.181316
0.18269
0.184064
0.185437
0.186811
0.188184
0.189558
0.190932
0.192305
0.193679
0.195052
0.196426
0.1978
0.199173
0.200547
0.201921
0.203294
0.204668
0.206041
0.207415
0.208789
0.210162
0.211536
0.212909
0.214283
0.215657
0.21703
0.218404
0.219777
0.221151
0.222525
0.223898
0.225272
0.226645
0.228019
0.229393
0.230766
0.23214
0.233514
0.234887
0.236261
0.237634
0.239008
0.240382
0.241755
0.243129
0.244502
0.245876
0.24725
0.248623
0.249997
0.25137
0.252744
0.254118
0.255491
0.256865
0.258238
0.259612
0.260986
0.262359
0.263733
0.265107
0.26648
0.267854
0.269227
0.270601
0.271975
0.273348
0.274722
0.276095
0.277469
0.278843
0.280216
0.28159
0.282963
0.284337
0.285711
0.287084
0.288458
0.289831
0.291205
0.292579
0.293952
0.295326
0.2967
0.298073
0.299447
0.30082
0.302194
0.303568
0.304941
0.306315
0.307688
0.309062
0.310436
0.311809
0.313183
0.314556
0.31593
0.317304
0.318677
0.320051
0.321424
0.322798
0.324172
0.325545
0.326919
0.328293
0.329666
0.33104
0.332413
0.333787
0.335161
0.336534
0.337908
0.339281
0.340655
0.342029
0.343402
0.344776
0.346149
0.347523
0.348897
0.35027
0.351644
0.353017
0.354391
0.355765
0.357138
0.358512
0.359886
0.361259
0.362633
0.364006
0.36538
0.366754
0.368127
0.369501
0.370874
0.372248
0.373622
0.374995
0.376369
0.377742
0.379116
0.38049
0.381863
0.383237
0.384611
0.385984
0.387358
0.388731
0.390105
0.391479
0.392852
0.394226
0.395599
0.396973
0.398347
0.39972
0.401094
0.402467
0.403841
0.405215
0.406588
0.407962
0.409335
0.410709
0.412083
0.413456
0.41483
0.416203
0.417577
0.418951
0.420324
0.421698
0.423072
0.424445
0.425819
0.427192
0.428566
0.42994
0.431313
0.432687
0.43406
0.435434
0.436808
0.438181
0.439555
0.440928
0.442302
0.443676
0.445049
0.446423
0.447796
0.44917
0.450544
0.451917
0.453291
0.454665
0.456038
0.457412
0.458785
0.460159
0.461533
0.462906
0.46428
0.465653
0.467027
0.468401
0.469774
0.471148
0.472521
0.473895
0.475269
0.476642
0.478016
0.47939
0.480763
0.482137
0.48351
0.484884
0.486258
0.487631
0.489005
0.490378
0.491752
0.493126
0.494499
0.495873
0.497246
0.49862
0.499994
0.501367
0.502741
0.504114
0.505488
0.506862
0.508235
0.509609
0.510983
0.512356
0.51373
0.515103
0.516477
0.517851
0.519224
0.520598
0.521971
0.523345
0.524719
0.526092
0.527466
0.528839
0.530213
0.531587
0.53296
0.534334
0.535707
0.537081
0.538455
0.539828
0.541202
0.542576
0.543949
0.545323
0.546696
0.54807
0.549444
0.550817
0.552191
0.553564
0.554938
0.556312
0.557685
0.559059
0.560432
0.561806
0.56318
0.564553
0.565927
0.5673
0.568674
0.570048
0.571421
0.572795
0.574169
0.575542
0.576916
0.578289
0.579663
0.581037
0.58241
0.583784
0.585157
0.586531
0.587905
0.589278
0.590652
0.592025
0.593399
0.594773
0.596146
0.59752
0.598893
0.600267
0.601641
0.603014
0.604388
0.605762
0.607135
0.608509
0.609882
0.611256
0.61263
0.614003
0.615377
0.61675
0.618124
0.619498
0.620871
0.622245
0.623618
0.624992
0.626366
0.627739
0.629113
0.630486
0.63186
0.633234
0.634607
0.635981
0.637355
0.638728
0.640102
0.641475
0.642849
0.644223
0.645596
0.64697
0.648343
0.649717
0.651091
0.652464
0.653838
0.655211
0.656585
0.657959
0.659332
0.660706
0.66208
0.663453
0.664827
0.6662
0.667574
0.668948
0.670321
0.671695
0.673068
0.674442
0.675816
0.677189
0.678563
0.679936
0.68131
0.682684
0.684057
0.685431
0.686804
0.688178
0.689552
0.690925
0.692299
0.693672
0.695046
0.69642
0.697793
0.699167
0.700541
0.701914
0.703288
0.704661
0.706035
0.707409
0.708782
0.710156
0.711529
0.712903
0.714277
0.71565
0.717024
0.718397
0.719771
0.721145
0.722518
0.723892
0.725266
0.726639
0.728013
0.729386
0.73076
0.732134
0.733507
0.734881
0.736254
0.737628
0.739002
0.740375
0.741749
0.743122
0.744496
0.74587
0.747243
0.748617
0.74999
0.751364
0.752738
0.754111
0.755485
0.756859
0.758232
0.759606
0.760979
0.762353
0.763727
0.7651
0.766474
0.767847
0.769221
0.770595
0.771968
0.773342
0.774715
0.776089
0.777463
0.778836
0.78021
0.781583
0.782957
0.784331
0.785704
0.787078
0.788451
0.789825
0.791199
0.792572
0.793946
0.79532
0.796693
0.798067
0.79944
0.800814
0.802188
0.803561
0.804935
0.806308
0.807682
0.809056
0.810429
0.811803
0.813176
0.81455
0.815924
0.817297
0.818671
0.820045
0.821418
0.822792
0.824165
0.825539
0.826913
0.828286
0.82966
0.831033
0.832407
0.833781
0.835154
0.836528
0.837901
0.839275
0.840649
0.842022
0.843396
0.844769
0.846143
0.847517
0.84889
0.850264
0.851638
0.853011
0.854385
0.855758
0.857132
0.858506
0.859879
0.861253
0.862626
0.864
0.865374
0.866747
0.868121
0.869494
0.870868
0.872242
0.873615
0.874989
0.876363
0.877736
0.87911
0.880483
0.881857
0.883231
0.884604
0.885978
0.887351
0.888725
0.890099
0.891472
0.892846
0.894219
0.895593
0.896967
0.89834
0.899714
0.901087
0.902461
0.903835
0.905208
0.906582
0.907955
0.909329
0.910703
0.912076
0.91345
0.914824
0.916197
0.917571
0.918944
0.920318
0.921692
0.923065
0.924439
0.925812
0.927186
0.92856
0.929933
0.931307
0.93268
0.934054
0.935428
0.936801
0.938175
0.939548
0.940922
0.942296
0.943669
0.945043
0.946417
0.94779
0.949164
0.950537
0.951911
0.953285
0.954658
0.956032
0.957405
0.958779
0.960153
0.961526
0.9629
0.964273
0.965647
0.967021
0.968394
0.969768
0.971142
0.972515
0.973889
0.975262
0.976636
0.97801
0.979383
0.980757
0.98213
0.983504
0.984878
0.986251
0.987625
0.988998
0.990372
0.991746
0.993119
0.994493
0.995866
0.99724
0.998614
0.999987
1.00136
1.00273
1.00411
1.00548
1.00686
1.00823
1.0096
1.01098
1.01235
1.01372
1.0151
1.01647
1.01784
1.01922
1.02059
1.02197
1.02334
1.02471
1.02609
1.02746
1.02883
1.03021
1.03158
1.03295
1.03433
1.0357
1.03707
1.03845
1.03982
1.0412
1.04257
1.04394
1.04532
1.04669
1.04806
1.04944
1.05081
1.05218
1.05356
1.05493
1.05631
1.05768
1.05905
1.06043
1.0618
1.06317
1.06455
1.06592
1.06729
1.06867
1.07004
1.07141
1.07279
1.07416
1.07554
1.07691
1.07828
1.07966
1.08103
1.0824
1.08378
1.08515
1.08652
1.0879
1.08927
1.09065
1.09202
1.09339
1.09477
1.09614
1.09751
1.09889
1.10026
1.10163
1.10301
1.10438
1.10576
1.10713
1.1085
1.10988
1.11125
1.11262
1.114
1.11537
1.11674
1.11812
1.11949
1.12086
1.12224
1.12361
1.12499
1.12636
1.12773
1.12911
1.13048
1.13185
1.13323
1.1346
1.13597
1.13735
1.13872
1.1401
1.14147
1.14284
1.14422
1.14559
1.14696
1.14834
1.14971
1.15108
1.15246
1.15383
1.15521
1.15658
1.15795
1.15933
1.1607
1.16207
1.16345
1.16482
1.16619
1.16757
1.16894
1.17031
1.17169
1.17306
1.17444
1.17581
1.17718
1.17856
1.17993
1.1813
1.18268
1.18405
1.18542
1.1868
1.18817
1.18955
1.19092
1.19229
1.19367
1.19504
1.19641
1.19779
1.19916
1.20053
1.20191
1.20328
1.20466
1.20603
1.2074
1.20878
1.21015
1.21152
1.2129
1.21427
1.21564
1.21702
1.21839
1.21976
1.22114
1.22251
1.22389
1.22526
1.22663
1.22801
1.22938
1.23075
1.23213
1.2335
1.23487
1.23625
1.23762
1.239
1.24037
1.24174
1.24312
1.24449
1.24586
1.24724
1.24861
1.24998
1.25136
1.25273
1.2541
1.25548
1.25685
1.25823
1.2596
1.26097
1.26235
1.26372
1.26509
1.26647
1.26784
1.26921
1.27059
1.27196
1.27334
1.27471
1.27608
1.27746
1.27883
1.2802
1.28158
1.28295
1.28432
1.2857
1.28707
1.28845
1.28982
1.29119
1.29257
1.29394
1.29531
1.29669
1.29806
1.29943
1.30081
1.30218
1.30355
1.30493
1.3063
1.30768
1.30905
1.31042
1.3118
1.31317
1.31454
1.31592
1.31729
1.31866
1.32004
1.32141
1.32279
1.32416
1.32553
1.32691
1.32828
1.32965
1.33103
1.3324
1.33377
1.33515
1.33652
1.3379
1.33927
1.34064
1.34202
1.34339
1.34476
1.34614
1.34751
1.34888
1.35026
1.35163
1.353
1.35438
1.35575
1.35713
1.3585
1.35987
1.36125
1.36262
1.36399
1.36537
1.36674
1.36811
1.36949
1.37086
1.37224
1.37361
1.37498
1.37636
1.37773
1.3791
1.38048
1.38185
1.38322
1.3846
1.38597
1.38734
1.38872
1.39009
1.39147
1.39284
1.39421
1.39559
1.39696
1.39833
1.39971
1.40108
1.40245
1.40383
1.4052
1.40658
1.40795
1.40932
1.4107
1.41207
1.41344
1.41482
1.41619
1.41756
1.41894
1.42031
1.42169
1.42306
1.42443
1.42581
1.42718
1.42855
1.42993
1.4313
1.43267
1.43405
1.43542
1.43679
1.43817
1.43954
1.44092
1.44229
1.44366
1.44504
1.44641
1.44778
1.44916
1.45053
1.4519
1.45328
1.45465
1.45603
1.4574
1.45877
1.46015
1.46152
1.46289
1.46427
1.46564
1.46701
1.46839
1.46976
1.47114
1.47251
1.47388
1.47526
1.47663
1.478
1.47938
1.48075
1.48212
1.4835
1.48487
1.48624
1.48762
1.48899
1.49037
1.49174
1.49311
1.49449
1.49586
1.49723
1.49861
1.49998
1.50135
1.50273
1.5041
1.50548
1.50685
1.50822
1.5096
1.51097
1.51234
1.51372
1.51509
1.51646
1.51784
1.51921
1.52059
1.52196
1.52333
1.52471
1.52608
1.52745
1.52883
1.5302
1.53157
1.53295
1.53432
1.53569
1.53707
1.53844
1.53982
1.54119
1.54256
1.54394
1.54531
1.54668
1.54806
1.54943
1.5508
1.55218
1.55355
1.55493
1.5563
1.55767
1.55905
1.56042
1.56179
1.56317
1.56454
1.56591
1.56729
1.56866
1.57003
1.57141
1.57278
1.57416
1.57553
1.5769
1.57828
1.57965
1.58102
1.5824
1.58377
1.58514
1.58652
1.58789
1.58927
1.59064
1.59201
1.59339
1.59476
1.59613
1.59751
1.59888
1.60025
1.60163
1.603
1.60438
1.60575
1.60712
1.6085
1.60987
1.61124
1.61262
1.61399
1.61536
1.61674
1.61811
1.61948
1.62086
1.62223
1.62361
1.62498
1.62635
1.62773
1.6291
1.63047
1.63185
1.63322
1.63459
1.63597
1.63734
1.63872
1.64009
1.64146
1.64284
1.64421
1.64558
1.64696
1.64833
1.6497
1.65108
1.65245
1.65383
1.6552
1.65657
1.65795
1.65932
1.66069
1.66207
1.66344
1.66481
1.66619
1.66756
1.66893
1.67031
1.67168
1.67306
1.67443
1.6758
1.67718
1.67855
1.67992
1.6813
1.68267
1.68404
1.68542
1.68679
1.68817
1.68954
1.69091
1.69229
1.69366
1.69503
1.69641
1.69778
1.69915
1.70053
1.7019
1.70328
1.70465
1.70602
1.7074
1.70877
1.71014
1.71152
1.71289
1.71426
1.71564
1.71701
1.71838
1.71976
1.72113
1.72251
1.72388
1.72525
1.72663
1.728
1.72937
1.73075
1.73212
1.73349
1.73487
1.73624
1.73762
1.73899
1.74036
1.74174
1.74311
1.74448
1.74586
1.74723
1.7486
1.74998
1.75135
1.75273
1.7541
1.75547
1.75685
1.75822
1.75959
1.76097
1.76234
1.76371
1.76509
1.76646
1.76783
1.76921
1.77058
1.77196
1.77333
1.7747
1.77608
1.77745
1.77882
1.7802
1.78157
1.78294
1.78432
1.78569
1.78707
1.78844
1.78981
1.79119
1.79256
1.79393
1.79531
1.79668
1.79805
1.79943
1.8008
1.80217
1.80355
1.80492
1.8063
1.80767
1.80904
1.81042
1.81179
1.81316
1.81454
1.81591
1.81728
1.81866
1.82003
1.82141
1.82278
1.82415
1.82553
1.8269
1.82827
1.82965
1.83102
1.83239
1.83377
1.83514
1.83652
1.83789
1.83926
1.84064
1.84201
1.84338
1.84476
1.84613
1.8475
1.84888
1.85025
1.85162
1.853
1.85437
1.85575
1.85712
1.85849
1.85987
1.86124
1.86261
1.86399
1.86536
1.86673
1.86811
1.86948
1.87086
1.87223
1.8736
1.87498
1.87635
1.87772
1.8791
1.88047
1.88184
1.88322
1.88459
1.88596
1.88734
1.88871
1.89009
1.89146
1.89283
1.89421
1.89558
1.89695
1.89833
1.8997
1.90107
1.90245
1.90382
1.9052
1.90657
1.90794
1.90932
1.91069
1.91206
1.91344
1.91481
1.91618
1.91756
1.91893
1.92031
1.92168
1.92305
1.92443
1.9258
1.92717
1.92855
1.92992
1.93129
1.93267
1.93404
1.93541
1.93679
1.93816
1.93954
1.94091
1.94228
1.94366
1.94503
1.9464
1.94778
1.94915
1.95052
1.9519
1.95327
1.95465
1.95602
1.95739
1.95877
1.96014
1.96151
1.96289
1.96426
1.96563
1.96701
1.96838
1.96976
1.97113
1.9725
1.97388
1.97525
1.97662
1.978
1.97937
1.98074
1.98212
1.98349
1.98486
1.98624
1.98761
1.98899
1.99036
1.99173
1.99311
1.99448
1.99585
1.99723
1.9986
1.99997
2.00135
2.00272
2.0041
2.00547
2.00684
2.00822
2.00959
2.01096
2.01234
2.01371
2.01508
2.01646
2.01783
2.01921
2.02058
2.02195
2.02333
2.0247
2.02607
2.02745
2.02882
2.03019
2.03157
2.03294
2.03431
2.03569
2.03706
2.03844
2.03981
2.04118
2.04256
2.04393
2.0453
2.04668
2.04805
2.04942
2.0508
2.05217
2.05355
2.05492
2.05629
2.05767
2.05904
2.06041
2.06179
2.06316
2.06453
2.06591
2.06728
2.06866
2.07003
2.0714
2.07278
2.07415
2.07552
2.0769
2.07827
2.07964
2.08102
2.08239
2.08376
2.08514
2.08651
2.08789
2.08926
2.09063
2.09201
2.09338
2.09475
2.09613
2.0975
2.09887
2.10025
2.10162
2.103
2.10437
2.10574
2.10712
2.10849
2.10986
2.11124
2.11261
2.11398
2.11536
2.11673
2.1181
2.11948
2.12085
2.12223
2.1236
2.12497
2.12635
2.12772
2.12909
2.13047
2.13184
2.13321
2.13459
2.13596
2.13734
2.13871
2.14008
2.14146
2.14283
2.1442
2.14558
2.14695
2.14832
2.1497
2.15107
2.15245
2.15382
2.15519
2.15657
2.15794
2.15931
2.16069
2.16206
2.16343
2.16481
2.16618
2.16755
2.16893
2.1703
2.17168
2.17305
2.17442
2.1758
2.17717
2.17854
2.17992
2.18129
2.18266
2.18404
2.18541
2.18679
2.18816
2.18953
2.19091
2.19228
2.19365
2.19503
2.1964
2.19777
2.19915
2.20052
2.20189
2.20327
2.20464
2.20602
2.20739
2.20876
2.21014
2.21151
2.21288
2.21426
2.21563
2.217
2.21838
2.21975
2.22113
2.2225
2.22387
2.22525
2.22662
2.22799
2.22937
2.23074
2.23211
2.23349
2.23486
2.23624
2.23761
2.23898
2.24036
2.24173
2.2431
2.24448
2.24585
2.24722
2.2486
2.24997
2.25134
2.25272
2.25409
2.25547
2.25684
2.25821
2.25959
2.26096
2.26233
2.26371
2.26508
2.26645
2.26783
2.2692
2.27058
2.27195
2.27332
2.2747
2.27607
2.27744
2.27882
2.28019
2.28156
2.28294
2.28431
2.28569
2.28706
2.28843
2.28981
2.29118
2.29255
2.29393
2.2953
2.29667
2.29805
2.29942
2.30079
2.30217
2.30354
2.30492
2.30629
2.30766
2.30904
2.31041
2.31178
2.31316
2.31453
2.3159
2.31728
2.31865
2.32003
2.3214
2.32277
2.32415
2.32552
2.32689
2.32827
2.32964
2.33101
2.33239
2.33376
2.33514
2.33651
2.33788
2.33926
2.34063
2.342
2.34338
2.34475
2.34612
2.3475
2.34887
2.35024
2.35162
2.35299
2.35437
2.35574
2.35711
2.35849
2.35986
2.36123
2.36261
2.36398
2.36535
2.36673
2.3681
2.36948
2.37085
2.37222
2.3736
2.37497
2.37634
2.37772
2.37909
2.38046
2.38184
2.38321
2.38459
2.38596
2.38733
2.38871
2.39008
2.39145
2.39283
2.3942
2.39557
2.39695
2.39832
2.39969
2.40107
2.40244
2.40382
2.40519
2.40656
2.40794
2.40931
2.41068
2.41206
2.41343
2.4148
2.41618
2.41755
2.41893
2.4203
2.42167
2.42305
2.42442
2.42579
2.42717
2.42854
2.42991
2.43129
2.43266
2.43404
2.43541
2.43678
2.43816
2.43953
2.4409
2.44228
2.44365
2.44502
2.4464
2.44777
2.44914
2.45052
2.45189
2.45327
2.45464
2.45601
2.45739
2.45876
2.46013
2.46151
2.46288
2.46425
2.46563
2.467
2.46838
2.46975
2.47112
2.4725
2.47387
2.47524
2.47662
2.47799
2.47936
2.48074
2.48211
2.48348
2.48486
2.48623
2.48761
2.48898
2.49035
2.49173
2.4931
2.49447
2.49585
2.49722
2.49859
2.49997
2.50134
2.50272
2.50409
2.50546
2.50684
2.50821
2.50958
2.51096
2.51233
2.5137
2.51508
2.51645
2.51783
2.5192
2.52057
2.52195
2.52332
2.52469
2.52607
2.52744
2.52881
2.53019
2.53156
2.53293
2.53431
2.53568
2.53706
2.53843
2.5398
2.54118
2.54255
2.54392
2.5453
2.54667
2.54804
2.54942
2.55079
2.55217
2.55354
2.55491
2.55629
2.55766
2.55903
2.56041
2.56178
2.56315
2.56453
2.5659
2.56728
2.56865
2.57002
2.5714
2.57277
2.57414
2.57552
2.57689
2.57826
2.57964
2.58101
2.58238
2.58376
2.58513
2.58651
2.58788
2.58925
2.59063
2.592
2.59337
2.59475
2.59612
2.59749
2.59887
2.60024
2.60162
2.60299
2.60436
2.60574
2.60711
2.60848
2.60986
2.61123
2.6126
2.61398
2.61535
2.61672
2.6181
2.61947
2.62085
2.62222
2.62359
2.62497
2.62634
2.62771
2.62909
2.63046
2.63183
2.63321
2.63458
2.63596
2.63733
2.6387
2.64008
2.64145
2.64282
2.6442
2.64557
2.64694
2.64832
2.64969
2.65107
2.65244
2.65381
2.65519
2.65656
2.65793
2.65931
2.66068
2.66205
2.66343
2.6648
2.66617
2.66755
2.66892
2.6703
2.67167
2.67304
2.67442
2.67579
2.67716
2.67854
2.67991
2.68128
2.68266
2.68403
2.68541
2.68678
2.68815
2.68953
2.6909
2.69227
2.69365
2.69502
2.69639
2.69777
2.69914
2.70052
2.70189
2.70326
2.70464
2.70601
2.70738
2.70876
2.71013
2.7115
2.71288
2.71425
2.71562
2.717
2.71837
2.71975
2.72112
2.72249
2.72387
2.72524
2.72661
2.72799
2.72936
2.73073
2.73211
2.73348
2.73486
2.73623
2.7376
2.73898
2.74035
2.74172
2.7431
2.74447
2.74584
2.74722
2.74859
2.74996
2.75134
2.75271
2.75409
2.75546
2.75683
2.75821
2.75958
2.76095
2.76233
2.7637
2.76507
2.76645
2.76782
2.7692
2.77057
2.77194
2.77332
2.77469
2.77606
2.77744
2.77881
2.78018
2.78156
2.78293
2.78431
2.78568
2.78705
2.78843
2.7898
2.79117
2.79255
2.79392
2.79529
2.79667
2.79804
2.79941
2.80079
2.80216
2.80354
2.80491
2.80628
2.80766
2.80903
2.8104
2.81178
2.81315
2.81452
2.8159
2.81727
2.81865
2.82002
2.82139
2.82277
2.82414
2.82551
2.82689
2.82826
2.82963
2.83101
2.83238
2.83376
2.83513
2.8365
2.83788
2.83925
2.84062
2.842
2.84337
2.84474
2.84612
2.84749
2.84886
2.85024
2.85161
2.85299
2.85436
2.85573
2.85711
2.85848
2.85985
2.86123
2.8626
2.86397
2.86535
2.86672
2.8681
2.86947
2.87084
2.87222
2.87359
2.87496
2.87634
2.87771
2.87908
2.88046
2.88183
2.88321
2.88458
2.88595
2.88733
2.8887
2.89007
2.89145
2.89282
2.89419
2.89557
2.89694
2.89831
2.89969
2.90106
2.90244
2.90381
2.90518
2.90656
2.90793
2.9093
2.91068
2.91205
2.91342
2.9148
2.91617
2.91755
2.91892
2.92029
2.92167
2.92304
2.92441
2.92579
2.92716
2.92853
2.92991
2.93128
2.93266
2.93403
2.9354
2.93678
2.93815
2.93952
2.9409
2.94227
2.94364
2.94502
2.94639
2.94776
2.94914
2.95051
2.95189
2.95326
2.95463
2.95601
2.95738
2.95875
2.96013
2.9615
2.96287
2.96425
2.96562
2.967
2.96837
2.96974
2.97112
2.97249
2.97386
2.97524
2.97661
2.97798
2.97936
2.98073
2.98211
2.98348
2.98485
2.98623
2.9876
2.98897
2.99035
2.99172
2.99309
2.99447
2.99584
2.99721
2.99859
2.99996
3.00134
3.00271
3.00408
3.00546
3.00683
3.0082
3.00958
3.01095
3.01232
3.0137
3.01507
3.01645
3.01782
3.01919
3.02057
3.02194
3.02331
3.02469
3.02606
3.02743
3.02881
3.03018
3.03155
3.03293
3.0343
3.03568
3.03705
3.03842
3.0398
3.04117
3.04254
3.04392
3.04529
3.04666
3.04804
3.04941
3.05079
3.05216
3.05353
3.05491
3.05628
3.05765
3.05903
3.0604
3.06177
3.06315
3.06452
3.0659
3.06727
3.06864
3.07002
3.07139
3.07276
3.07414
3.07551
3.07688
3.07826
3.07963
3.081
3.08238
3.08375
3.08513
3.0865
3.08787
3.08925
3.09062
3.09199
3.09337
3.09474
3.09611
3.09749
3.09886
3.10024
3.10161
3.10298
3.10436
3.10573
3.1071
3.10848
3.10985
3.11122
3.1126
3.11397
3.11535
3.11672
3.11809
3.11947
3.12084
3.12221
3.12359
3.12496
3.12633
3.12771
3.12908
3.13045
3.13183
3.1332
3.13458
3.13595
3.13732
3.1387
3.14007
3.14144
3.14282
3.14419
3.14556
3.14694
3.14831
3.14969
3.15106
3.15243
3.15381
3.15518
3.15655
3.15793
3.1593
3.16067
3.16205
3.16342
3.16479
3.16617
3.16754
3.16892
3.17029
3.17166
3.17304
3.17441
3.17578
3.17716
3.17853
3.1799
3.18128
3.18265
3.18403
3.1854
3.18677
3.18815
3.18952
3.19089
3.19227
3.19364
3.19501
3.19639
3.19776
3.19914
3.20051
3.20188
3.20326
3.20463
3.206
3.20738
3.20875
3.21012
3.2115
3.21287
3.21424
3.21562
3.21699
3.21837
3.21974
3.22111
3.22249
3.22386
3.22523
3.22661
3.22798
3.22935
3.23073
3.2321
3.23348
3.23485
3.23622
3.2376
3.23897
3.24034
3.24172
3.24309
3.24446
3.24584
3.24721
3.24858
3.24996
3.25133
3.25271
3.25408
3.25545
3.25683
3.2582
3.25957
3.26095
3.26232
3.26369
3.26507
3.26644
3.26782
3.26919
3.27056
3.27194
3.27331
3.27468
3.27606
3.27743
3.2788
3.28018
3.28155
3.28293
3.2843
3.28567
3.28705
3.28842
3.28979
3.29117
3.29254
3.29391
3.29529
3.29666
3.29803
3.29941
3.30078
3.30216
3.30353
3.3049
3.30628
3.30765
3.30902
3.3104
3.31177
3.31314
3.31452
3.31589
3.31727
3.31864
3.32001
3.32139
3.32276
3.32413
3.32551
3.32688
3.32825
3.32963
3.331
3.33238
3.33375
3.33512
3.3365
3.33787
3.33924
3.34062
3.34199
3.34336
3.34474
3.34611
3.34748
3.34886
3.35023
3.35161
3.35298
3.35435
3.35573
3.3571
3.35847
3.35985
3.36122
3.36259
3.36397
3.36534
3.36672
3.36809
3.36946
3.37084
3.37221
3.37358
3.37496
3.37633
3.3777
3.37908
3.38045
3.38183
3.3832
3.38457
3.38595
3.38732
3.38869
3.39007
3.39144
3.39281
3.39419
3.39556
3.39693
3.39831
3.39968
3.40106
3.40243
3.4038
3.40518
3.40655
3.40792
3.4093
3.41067
3.41204
3.41342
3.41479
3.41617
3.41754
3.41891
3.42029
3.42166
3.42303
3.42441
3.42578
3.42715
3.42853
3.4299
3.43128
3.43265
3.43402
3.4354
3.43677
3.43814
3.43952
3.44089
3.44226
3.44364
3.44501
3.44638
3.44776
3.44913
3.45051
3.45188
3.45325
3.45463
3.456
3.45737
3.45875
3.46012
3.46149
3.46287
3.46424
3.46562
3.46699
3.46836
3.46974
3.47111
3.47248
3.47386
3.47523
3.4766
3.47798
3.47935
3.48073
3.4821
3.48347
3.48485
3.48622
3.48759
3.48897
3.49034
3.49171
3.49309
3.49446
3.49583
3.49721
3.49858
3.49996
3.50133
3.5027
3.50408
3.50545
3.50682
3.5082
3.50957
3.51094
3.51232
3.51369
3.51507
3.51644
3.51781
3.51919
3.52056
3.52193
3.52331
3.52468
3.52605
3.52743
3.5288
3.53017
3.53155
3.53292
3.5343
3.53567
3.53704
3.53842
3.53979
3.54116
3.54254
3.54391
3.54528
3.54666
3.54803
3.54941
3.55078
3.55215
3.55353
3.5549
3.55627
3.55765
3.55902
3.56039
3.56177
3.56314
3.56452
3.56589
3.56726
3.56864
3.57001
3.57138
3.57276
3.57413
3.5755
3.57688
3.57825
3.57962
3.581
3.58237
3.58375
3.58512
3.58649
3.58787
3.58924
3.59061
3.59199
3.59336
3.59473
3.59611
3.59748
3.59886
3.60023
3.6016
3.60298
3.60435
3.60572
3.6071
3.60847
3.60984
3.61122
3.61259
3.61397
3.61534
3.61671
3.61809
3.61946
3.62083
3.62221
3.62358
3.62495
3.62633
3.6277
3.62907
3.63045
3.63182
3.6332
3.63457
3.63594
3.63732
3.63869
3.64006
3.64144
3.64281
3.64418
3.64556
3.64693
3.64831
3.64968
3.65105
3.65243
3.6538
3.65517
3.65655
3.65792
3.65929
3.66067
3.66204
3.66341
3.66479
3.66616
3.66754
3.66891
3.67028
3.67166
3.67303
3.6744
3.67578
3.67715
3.67852
3.6799
3.68127
3.68265
3.68402
3.68539
3.68677
3.68814
3.68951
3.69089
3.69226
3.69363
3.69501
3.69638
3.69776
3.69913
3.7005
3.70188
3.70325
3.70462
3.706
3.70737
3.70874
3.71012
3.71149
3.71286
3.71424
3.71561
3.71699
3.71836
3.71973
3.72111
3.72248
3.72385
3.72523
3.7266
3.72797
3.72935
3.73072
3.7321
3.73347
3.73484
3.73622
3.73759
3.73896
3.74034
3.74171
3.74308
3.74446
3.74583
3.74721
3.74858
3.74995
3.75133
3.7527
3.75407
3.75545
3.75682
3.75819
3.75957
3.76094
3.76231
3.76369
3.76506
3.76644
3.76781
3.76918
3.77056
3.77193
3.7733
3.77468
3.77605
3.77742
3.7788
3.78017
3.78155
3.78292
3.78429
3.78567
3.78704
3.78841
3.78979
3.79116
3.79253
3.79391
3.79528
3.79665
3.79803
3.7994
3.80078
3.80215
3.80352
3.8049
3.80627
3.80764
3.80902
3.81039
3.81176
3.81314
3.81451
3.81589
3.81726
3.81863
3.82001
3.82138
3.82275
3.82413
3.8255
3.82687
3.82825
3.82962
3.831
3.83237
3.83374
3.83512
3.83649
3.83786
3.83924
3.84061
3.84198
3.84336
3.84473
3.8461
3.84748
3.84885
3.85023
3.8516
3.85297
3.85435
3.85572
3.85709
3.85847
3.85984
3.86121
3.86259
3.86396
3.86534
3.86671
3.86808
3.86946
3.87083
3.8722
3.87358
3.87495
3.87632
3.8777
3.87907
3.88045
3.88182
3.88319
3.88457
3.88594
3.88731
3.88869
3.89006
3.89143
3.89281
3.89418
3.89555
3.89693
3.8983
3.89968
3.90105
3.90242
3.9038
3.90517
3.90654
3.90792
3.90929
3.91066
3.91204
3.91341
3.91479
3.91616
3.91753
3.91891
3.92028
3.92165
3.92303
3.9244
3.92577
3.92715
3.92852
3.9299
3.93127
3.93264
3.93402
3.93539
3.93676
3.93814
3.93951
3.94088
3.94226
3.94363
3.945
3.94638
3.94775
3.94913
3.9505
3.95187
3.95325
3.95462
3.95599
3.95737
3.95874
3.96011
3.96149
3.96286
3.96424
3.96561
3.96698
3.96836
3.96973
3.9711
3.97248
3.97385
3.97522
3.9766
3.97797
3.97935
3.98072
3.98209
3.98347
3.98484
3.98621
3.98759
3.98896
3.99033
3.99171
3.99308
3.99445
3.99583
3.9972
3.99858
3.99995
4.00132
4.0027
4.00407
4.00544
4.00682
4.00819
4.00956
4.01094
4.01231
4.01369
4.01506
4.01643
4.01781
4.01918
4.02055
4.02193
4.0233
4.02467
4.02605
4.02742
4.02879
4.03017
4.03154
4.03292
4.03429
4.03566
4.03704
4.03841
4.03978
4.04116
4.04253
4.0439
4.04528
4.04665
4.04803
4.0494
4.05077
4.05215
4.05352
4.05489
4.05627
4.05764
4.05901
4.06039
4.06176
4.06314
4.06451
4.06588
4.06726
4.06863
4.07
4.07138
4.07275
4.07412
4.0755
4.07687
4.07824
4.07962
4.08099
4.08237
4.08374
4.08511
4.08649
4.08786
4.08923
4.09061
4.09198
4.09335
4.09473
4.0961
4.09748
4.09885
4.10022
4.1016
4.10297
4.10434
4.10572
4.10709
4.10846
4.10984
4.11121
4.11259
4.11396
4.11533
4.11671
4.11808
4.11945
4.12083
4.1222
4.12357
4.12495
4.12632
4.12769
4.12907
4.13044
4.13182
4.13319
4.13456
4.13594
4.13731
4.13868
4.14006
4.14143
4.1428
4.14418
4.14555
4.14693
4.1483
4.14967
4.15105
4.15242
4.15379
4.15517
4.15654
4.15791
4.15929
4.16066
4.16203
4.16341
4.16478
4.16616
4.16753
4.1689
4.17028
4.17165
4.17302
4.1744
4.17577
4.17714
4.17852
4.17989
4.18127
4.18264
4.18401
4.18539
4.18676
4.18813
4.18951
4.19088
4.19225
4.19363
4.195
4.19638
4.19775
4.19912
4.2005
4.20187
4.20324
4.20462
4.20599
4.20736
4.20874
4.21011
4.21148
4.21286
4.21423
4.21561
4.21698
4.21835
4.21973
4.2211
4.22247
4.22385
4.22522
4.22659
4.22797
4.22934
4.23072
4.23209
4.23346
4.23484
4.23621
4.23758
4.23896
4.24033
4.2417
4.24308
4.24445
4.24583
4.2472
4.24857
4.24995
4.25132
4.25269
4.25407
4.25544
4.25681
4.25819
4.25956
4.26093
4.26231
4.26368
4.26506
4.26643
4.2678
4.26918
4.27055
4.27192
4.2733
4.27467
4.27604
4.27742
4.27879
4.28017
4.28154
4.28291
4.28429
4.28566
4.28703
4.28841
4.28978
4.29115
4.29253
4.2939
4.29528
4.29665
4.29802
4.2994
4.30077
4.30214
4.30352
4.30489
4.30626
4.30764
4.30901
4.31038
4.31176
4.31313
4.31451
4.31588
4.31725
4.31863
4.32
4.32137
4.32275
4.32412
4.32549
4.32687
4.32824
4.32962
4.33099
4.33236
4.33374
4.33511
4.33648
4.33786
4.33923
4.3406
4.34198
4.34335
4.34473
4.3461
4.34747
4.34885
4.35022
4.35159
4.35297
4.35434
4.35571
4.35709
4.35846
4.35983
4.36121
4.36258
4.36396
4.36533
4.3667
4.36808
4.36945
4.37082
4.3722
4.37357
4.37494
4.37632
4.37769
4.37907
4.38044
4.38181
4.38319
4.38456
4.38593
4.38731
4.38868
4.39005
4.39143
4.3928
4.39418
4.39555
4.39692
4.3983
4.39967
4.40104
4.40242
4.40379
4.40516
4.40654
4.40791
4.40928
4.41066
4.41203
4.41341
4.41478
4.41615
4.41753
4.4189
4.42027
4.42165
4.42302
4.42439
4.42577
4.42714
4.42851
4.42989
4.43126
4.43264
4.43401
4.43538
4.43676
4.43813
4.4395
4.44088
4.44225
4.44362
4.445
4.44637
4.44775
4.44912
4.45049
4.45187
4.45324
4.45461
4.45599
4.45736
4.45873
4.46011
4.46148
4.46286
4.46423
4.4656
4.46698
4.46835
4.46972
4.4711
4.47247
4.47384
4.47522
4.47659
4.47796
4.47934
4.48071
4.48209
4.48346
4.48483
4.48621
4.48758
4.48895
4.49033
4.4917
4.49307
4.49445
4.49582
4.4972
4.49857
4.49994
4.50132
4.50269
4.50406
4.50544
4.50681
4.50818
4.50956
4.51093
4.51231
4.51368
4.51505
4.51643
4.5178
4.51917
4.52055
4.52192
4.52329
4.52467
4.52604
4.52741
4.52879
4.53016
4.53154
4.53291
4.53428
4.53566
4.53703
4.5384
4.53978
4.54115
4.54252
4.5439
4.54527
4.54665
4.54802
4.54939
4.55077
4.55214
4.55351
4.55489
4.55626
4.55763
4.55901
4.56038
4.56176
4.56313
4.5645
4.56588
4.56725
4.56862
4.57
4.57137
4.57274
4.57412
4.57549
4.57686
4.57824
4.57961
4.58099
4.58236
4.58373
4.58511
4.58648
4.58785
4.58923
4.5906
4.59197
4.59335
4.59472
4.5961
4.59747
4.59884
4.60022
4.60159
4.60296
4.60434
4.60571
4.60708
4.60846
4.60983
4.61121
4.61258
4.61395
4.61533
4.6167
4.61807
4.61945
4.62082
4.62219
4.62357
4.62494
4.62631
4.62769
4.62906
4.63044
4.63181
4.63318
4.63456
4.63593
4.6373
4.63868
4.64005
4.64142
4.6428
4.64417
4.64555
4.64692
4.64829
4.64967
4.65104
4.65241
4.65379
4.65516
4.65653
4.65791
4.65928
4.66066
4.66203
4.6634
4.66478
4.66615
4.66752
4.6689
4.67027
4.67164
4.67302
4.67439
4.67576
4.67714
4.67851
4.67989
4.68126
4.68263
4.68401
4.68538
4.68675
4.68813
4.6895
4.69087
4.69225
4.69362
4.695
4.69637
4.69774
4.69912
4.70049
4.70186
4.70324
4.70461
4.70598
4.70736
4.70873
4.7101
4.71148
4.71285
4.71423
4.7156
4.71697
4.71835
4.71972
4.72109
4.72247
4.72384
4.72521
4.72659
4.72796
4.72934
4.73071
4.73208
4.73346
4.73483
4.7362
4.73758
4.73895
4.74032
4.7417
4.74307
4.74445
4.74582
4.74719
4.74857
4.74994
4.75131
4.75269
4.75406
4.75543
4.75681
4.75818
4.75955
4.76093
4.7623
4.76368
4.76505
4.76642
4.7678
4.76917
4.77054
4.77192
4.77329
4.77466
4.77604
4.77741
4.77879
4.78016
4.78153
4.78291
4.78428
4.78565
4.78703
4.7884
4.78977
4.79115
4.79252
4.7939
4.79527
4.79664
4.79802
4.79939
4.80076
4.80214
4.80351
4.80488
4.80626
4.80763
4.809
4.81038
4.81175
4.81313
4.8145
4.81587
4.81725
4.81862
4.81999
4.82137
4.82274
4.82411
4.82549
4.82686
4.82824
4.82961
4.83098
4.83236
4.83373
4.8351
4.83648
4.83785
4.83922
4.8406
4.84197
4.84335
4.84472
4.84609
4.84747
4.84884
4.85021
4.85159
4.85296
4.85433
4.85571
4.85708
4.85845
4.85983
4.8612
4.86258
4.86395
4.86532
4.8667
4.86807
4.86944
4.87082
4.87219
4.87356
4.87494
4.87631
4.87769
4.87906
4.88043
4.88181
4.88318
4.88455
4.88593
4.8873
4.88867
4.89005
4.89142
4.8928
4.89417
4.89554
4.89692
4.89829
4.89966
4.90104
4.90241
4.90378
4.90516
4.90653
4.9079
4.90928
4.91065
4.91203
4.9134
4.91477
4.91615
4.91752
4.91889
4.92027
4.92164
4.92301
4.92439
4.92576
4.92713
4.92851
4.92988
4.93126
4.93263
4.934
4.93538
4.93675
4.93812
4.9395
4.94087
4.94225
4.94362
4.94499
4.94637
4.94774
4.94911
4.95049
4.95186
4.95323
4.95461
4.95598
4.95735
4.95873
4.9601
4.96148
4.96285
4.96422
4.9656
4.96697
4.96834
4.96972
4.97109
4.97246
4.97384
4.97521
4.97658
4.97796
4.97933
4.98071
4.98208
4.98345
4.98483
4.9862
4.98757
4.98895
4.99032
4.99169
4.99307
4.99444
4.99582
4.99719
4.99856
4.99994
5.00131
5.00268
5.00406
5.00543
5.0068
5.00818
5.00955
5.01093
5.0123
5.01367
5.01505
5.01642
5.01779
5.01917
5.02054
5.02191
5.02329
5.02466
5.02603
5.02741
5.02878
5.03016
5.03153
5.0329
5.03428
5.03565
5.03702
5.0384
5.03977
5.04114
5.04252
5.04389
5.04527
5.04664
5.04801
5.04939
5.05076
5.05213
5.05351
5.05488
5.05625
5.05763
5.059
5.06038
5.06175
5.06312
5.0645
5.06587
5.06724
5.06862
5.06999
5.07136
5.07274
5.07411
5.07548
5.07686
5.07823
5.07961
5.08098
5.08235
5.08373
5.0851
5.08647
5.08785
5.08922
5.09059
5.09197
5.09334
5.09472
5.09609
5.09746
5.09884
5.10021
5.10158
5.10296
5.10433
5.1057
5.10708
5.10845
5.10983
5.1112
5.11257
5.11395
5.11532
5.11669
5.11807
5.11944
5.12081
5.12219
5.12356
5.12493
5.12631
5.12768
5.12906
5.13043
5.1318
5.13318
5.13455
5.13592
5.1373
5.13867
5.14004
5.14142
5.14279
5.14417
5.14554
5.14691
5.14829
5.14966
5.15103
5.15241
5.15378
5.15515
5.15653
5.1579
5.15928
5.16065
5.16202
5.1634
5.16477
5.16614
5.16752
5.16889
5.17026
5.17164
5.17301
5.17438
5.17576
5.17713
5.17851
5.17988
5.18125
5.18263
5.184
5.18537
5.18675
5.18812
5.18949
5.19087
5.19224
5.19362
5.19499
5.19636
5.19774
5.19911
5.20048
5.20186
5.20323
5.2046
5.20598
5.20735
5.20872
5.2101
5.21147
5.21285
5.21422
5.21559
5.21697
5.21834
5.21971
5.22109
5.22246
5.22383
5.22521
5.22658
5.22796
5.22933
5.2307
5.23208
5.23345
5.23482
5.2362
5.23757
5.23894
5.24032
5.24169
5.24307
5.24444
5.24581
5.24719
5.24856
5.24993
5.25131
5.25268
5.25405
5.25543
5.2568
5.25817
5.25955
5.26092
5.2623
5.26367
5.26504
5.26642
5.26779
5.26916
5.27054
5.27191
5.27328
5.27466
5.27603
5.27741
5.27878
5.28015
5.28153
5.2829
5.28427
5.28565
5.28702
5.28839
5.28977
5.29114
5.29252
5.29389
5.29526
5.29664
5.29801
5.29938
5.30076
5.30213
5.3035
5.30488
5.30625
5.30762
5.309
5.31037
5.31175
5.31312
5.31449
5.31587
5.31724
5.31861
5.31999
5.32136
5.32273
5.32411
5.32548
5.32686
5.32823
5.3296
5.33098
5.33235
5.33372
5.3351
5.33647
5.33784
5.33922
5.34059
5.34197
5.34334
5.34471
5.34609
5.34746
5.34883
5.35021
5.35158
5.35295
5.35433
5.3557
5.35707
5.35845
5.35982
5.3612
5.36257
5.36394
5.36532
5.36669
5.36806
5.36944
5.37081
5.37218
5.37356
5.37493
5.37631
5.37768
5.37905
5.38043
5.3818
5.38317
5.38455
5.38592
5.38729
5.38867
5.39004
5.39142
5.39279
5.39416
5.39554
5.39691
5.39828
5.39966
5.40103
5.4024
5.40378
5.40515
5.40652
5.4079
5.40927
5.41065
5.41202
5.41339
5.41477
5.41614
5.41751
5.41889
5.42026
5.42163
5.42301
5.42438
5.42576
5.42713
5.4285
5.42988
5.43125
5.43262
5.434
5.43537
5.43674
5.43812
5.43949
5.44087
5.44224
5.44361
5.44499
5.44636
5.44773
5.44911
5.45048
5.45185
5.45323
5.4546
5.45597
5.45735
5.45872
5.4601
5.46147
5.46284
5.46422
5.46559
5.46696
5.46834
5.46971
5.47108
5.47246
5.47383
5.4752
5.47658
5.47795
5.47933
5.4807
5.48207
5.48345
5.48482
5.48619
5.48757
5.48894
5.49031
5.49169
5.49306
5.49444
5.49581
5.49718
5.49856
5.49993
5.5013
5.50268
5.50405
5.50542
5.5068
5.50817
5.50955
5.51092
5.51229
5.51367
5.51504
5.51641
5.51779
5.51916
5.52053
5.52191
5.52328
5.52465
5.52603
5.5274
5.52878
5.53015
5.53152
5.5329
5.53427
5.53564
5.53702
5.53839
5.53976
5.54114
5.54251
5.54389
5.54526
5.54663
5.54801
5.54938
5.55075
5.55213
5.5535
5.55487
5.55625
5.55762
5.559
5.56037
5.56174
5.56312
5.56449
5.56586
5.56724
5.56861
5.56998
5.57136
5.57273
5.5741
5.57548
5.57685
5.57823
5.5796
5.58097
5.58235
5.58372
5.58509
5.58647
5.58784
5.58921
5.59059
5.59196
5.59334
5.59471
5.59608
5.59746
5.59883
5.6002
5.60158
5.60295
5.60432
5.6057
5.60707
5.60845
5.60982
5.61119
5.61257
5.61394
5.61531
5.61669
5.61806
5.61943
5.62081
5.62218
5.62355
5.62493
5.6263
5.62768
5.62905
5.63042
5.6318
5.63317
5.63454
5.63592
5.63729
5.63866
5.64004
5.64141
5.64279
5.64416
5.64553
5.64691
5.64828
5.64965
5.65103
5.6524
5.65377
5.65515
5.65652
5.6579
5.65927
5.66064
5.66202
5.66339
5.66476
5.66614
5.66751
5.66888
5.67026
5.67163
5.673
5.67438
5.67575
5.67713
5.6785
5.67987
5.68125
5.68262
5.68399
5.68537
5.68674
5.68811
5.68949
5.69086
5.69224
5.69361
5.69498
5.69636
5.69773
5.6991
5.70048
5.70185
5.70322
5.7046
5.70597
5.70735
5.70872
5.71009
5.71147
5.71284
5.71421
5.71559
5.71696
5.71833
5.71971
5.72108
5.72245
5.72383
5.7252
5.72658
5.72795
5.72932
5.7307
5.73207
5.73344
5.73482
5.73619
5.73756
5.73894
5.74031
5.74169
5.74306
5.74443
5.74581
5.74718
5.74855
5.74993
5.7513
5.75267
5.75405
5.75542
5.75679
5.75817
5.75954
5.76092
5.76229
5.76366
5.76504
5.76641
5.76778
5.76916
5.77053
5.7719
5.77328
5.77465
5.77603
5.7774
5.77877
5.78015
5.78152
5.78289
5.78427
5.78564
5.78701
5.78839
5.78976
5.79114
5.79251
5.79388
5.79526
5.79663
5.798
5.79938
5.80075
5.80212
5.8035
5.80487
5.80624
5.80762
5.80899
5.81037
5.81174
5.81311
5.81449
5.81586
5.81723
5.81861
5.81998
5.82135
5.82273
5.8241
5.82548
5.82685
5.82822
5.8296
5.83097
5.83234
5.83372
5.83509
5.83646
5.83784
5.83921
5.84059
5.84196
5.84333
5.84471
5.84608
5.84745
5.84883
5.8502
5.85157
5.85295
5.85432
5.85569
5.85707
5.85844
5.85982
5.86119
5.86256
5.86394
5.86531
5.86668
5.86806
5.86943
5.8708
5.87218
5.87355
5.87493
5.8763
5.87767
5.87905
5.88042
5.88179
5.88317
5.88454
5.88591
5.88729
5.88866
5.89004
5.89141
5.89278
5.89416
5.89553
5.8969
5.89828
5.89965
5.90102
5.9024
5.90377
5.90514
5.90652
5.90789
5.90927
5.91064
5.91201
5.91339
5.91476
5.91613
5.91751
5.91888
5.92025
5.92163
5.923
5.92438
5.92575
5.92712
5.9285
5.92987
5.93124
5.93262
5.93399
5.93536
5.93674
5.93811
5.93949
5.94086
5.94223
5.94361
5.94498
5.94635
5.94773
5.9491
5.95047
5.95185
5.95322
5.95459
5.95597
5.95734
5.95872
5.96009
5.96146
5.96284
5.96421
5.96558
5.96696
5.96833
5.9697
5.97108
5.97245
5.97382
5.9752
5.97657
5.97795
5.97932
5.98069
5.98207
5.98344
5.98481
5.98619
5.98756
5.98893
5.99031
5.99168
5.99306
5.99443
5.9958
5.99718
5.99855
5.99992
6.0013
6.00267
6.00404
6.00542
6.00679
6.00817
6.00954
6.01091
6.01229
6.01366
6.01503
6.01641
6.01778
6.01915
6.02053
6.0219
6.02327
6.02465
6.02602
6.0274
6.02877
6.03014
6.03152
6.03289
6.03426
6.03564
6.03701
6.03838
6.03976
6.04113
6.04251
6.04388
6.04525
6.04663
6.048
6.04937
6.05075
6.05212
6.05349
6.05487
6.05624
6.05762
6.05899
6.06036
6.06174
6.06311
6.06448
6.06586
6.06723
6.0686
6.06998
6.07135
6.07272
6.0741
6.07547
6.07685
6.07822
6.07959
6.08097
6.08234
6.08371
6.08509
6.08646
6.08783
6.08921
6.09058
6.09196
6.09333
6.0947
6.09608
6.09745
6.09882
6.1002
6.10157
6.10294
6.10432
6.10569
6.10707
6.10844
6.10981
6.11119
6.11256
6.11393
6.11531
6.11668
6.11805
6.11943
6.1208
6.12217
6.12355
6.12492
6.1263
6.12767
6.12904
6.13042
6.13179
6.13316
6.13454
6.13591
6.13728
6.13866
6.14003
6.14141
6.14278
6.14415
6.14553
6.1469
6.14827
6.14965
6.15102
6.15239
6.15377
6.15514
6.15652
6.15789
6.15926
6.16064
6.16201
6.16338
6.16476
6.16613
6.1675
6.16888
6.17025
6.17162
6.173
6.17437
6.17575
6.17712
6.17849
6.17987
6.18124
6.18261
6.18399
6.18536
6.18673
6.18811
6.18948
6.19086
6.19223
6.1936
6.19498
6.19635
6.19772
6.1991
6.20047
6.20184
6.20322
6.20459
6.20597
6.20734
6.20871
6.21009
6.21146
6.21283
6.21421
6.21558
6.21695
6.21833
6.2197
6.22107
6.22245
6.22382
6.2252
6.22657
6.22794
6.22932
6.23069
6.23206
6.23344
6.23481
6.23618
6.23756
6.23893
6.24031
6.24168
6.24305
6.24443
6.2458
6.24717
6.24855
6.24992
6.25129
6.25267
6.25404
6.25541
6.25679
6.25816
6.25954
6.26091
6.26228
6.26366
6.26503
6.2664
6.26778
6.26915
6.27052
6.2719
6.27327
6.27465
6.27602
6.27739
6.27877
6.28014
6.28151
6.28289
6.28426
6.28563
6.28701
6.28838
6.28976
6.29113
6.2925
6.29388
6.29525
6.29662
6.298
6.29937
6.30074
6.30212
6.30349
6.30486
6.30624
6.30761
6.30899
6.31036
6.31173
6.31311
6.31448
6.31585
6.31723
6.3186
6.31997
6.32135
6.32272
6.3241
6.32547
6.32684
6.32822
6.32959
6.33096
6.33234
6.33371
6.33508
6.33646
6.33783
6.33921
6.34058
6.34195
6.34333
6.3447
6.34607
6.34745
6.34882
6.35019
6.35157
6.35294
6.35431
6.35569
6.35706
6.35844
6.35981
6.36118
6.36256
6.36393
6.3653
6.36668
6.36805
6.36942
6.3708
6.37217
6.37355
6.37492
6.37629
6.37767
6.37904
6.38041
6.38179
6.38316
6.38453
6.38591
6.38728
6.38866
6.39003
6.3914
6.39278
6.39415
6.39552
6.3969
6.39827
6.39964
6.40102
6.40239
6.40376
6.40514
6.40651
6.40789
6.40926
6.41063
6.41201
6.41338
6.41475
6.41613
6.4175
6.41887
6.42025
6.42162
6.423
6.42437
6.42574
6.42712
6.42849
6.42986
6.43124
6.43261
6.43398
6.43536
6.43673
6.43811
6.43948
6.44085
6.44223
6.4436
6.44497
6.44635
6.44772
6.44909
6.45047
6.45184
6.45321
6.45459
6.45596
6.45734
6.45871
6.46008
6.46146
6.46283
6.4642
6.46558
6.46695
6.46832
6.4697
6.47107
6.47245
6.47382
6.47519
6.47657
6.47794
6.47931
6.48069
6.48206
6.48343
6.48481
6.48618
6.48756
6.48893
6.4903
6.49168
6.49305
6.49442
6.4958
6.49717
6.49854
6.49992
6.50129
6.50266
6.50404
6.50541
6.50679
6.50816
6.50953
6.51091
6.51228
6.51365
6.51503
6.5164
6.51777
6.51915
6.52052
6.52189
6.52327
6.52464
6.52602
6.52739
6.52876
6.53014
6.53151
6.53288
6.53426
6.53563
6.537
6.53838
6.53975
6.54113
6.5425
6.54387
6.54525
6.54662
6.54799
6.54937
6.55074
6.55211
6.55349
6.55486
6.55624
6.55761
6.55898
6.56036
6.56173
6.5631
6.56448
6.56585
6.56722
6.5686
6.56997
6.57134
6.57272
6.57409
6.57547
6.57684
6.57821
6.57959
6.58096
6.58233
6.58371
6.58508
6.58645
6.58783
6.5892
6.59058
6.59195
6.59332
6.5947
6.59607
6.59744
6.59882
6.60019
6.60156
6.60294
6.60431
6.60569
6.60706
6.60843
6.60981
6.61118
6.61255
6.61393
6.6153
6.61667
6.61805
6.61942
6.62079
6.62217
6.62354
6.62492
6.62629
6.62766
6.62904
6.63041
6.63178
6.63316
6.63453
6.6359
6.63728
6.63865
6.64003
6.6414
6.64277
6.64415
6.64552
6.64689
6.64827
6.64964
6.65101
6.65239
6.65376
6.65514
6.65651
6.65788
6.65926
6.66063
6.662
6.66338
6.66475
6.66612
6.6675
6.66887
6.67024
6.67162
6.67299
6.67437
6.67574
6.67711
6.67849
6.67986
6.68123
6.68261
6.68398
6.68535
6.68673
6.6881
6.68948
6.69085
6.69222
6.6936
6.69497
6.69634
6.69772
6.69909
6.70046
6.70184
6.70321
6.70459
6.70596
6.70733
6.70871
6.71008
6.71145
6.71283
6.7142
6.71557
6.71695
6.71832
6.71969
6.72107
6.72244
6.72382
6.72519
6.72656
6.72794
6.72931
6.73068
6.73206
6.73343
6.7348
6.73618
6.73755
6.73893
6.7403
6.74167
6.74305
6.74442
6.74579
6.74717
6.74854
6.74991
6.75129
6.75266
6.75403
6.75541
6.75678
6.75816
6.75953
6.7609
6.76228
6.76365
6.76502
6.7664
6.76777
6.76914
6.77052
6.77189
6.77327
6.77464
6.77601
6.77739
6.77876
6.78013
6.78151
6.78288
6.78425
6.78563
6.787
6.78838
6.78975
6.79112
6.7925
6.79387
6.79524
6.79662
6.79799
6.79936
6.80074
6.80211
6.80348
6.80486
6.80623
6.80761
6.80898
6.81035
6.81173
6.8131
6.81447
6.81585
6.81722
6.81859
6.81997
6.82134
6.82272
6.82409
6.82546
6.82684
6.82821
6.82958
6.83096
6.83233
6.8337
6.83508
6.83645
6.83783
6.8392
6.84057
6.84195
6.84332
6.84469
6.84607
6.84744
6.84881
6.85019
6.85156
6.85293
6.85431
6.85568
6.85706
6.85843
6.8598
6.86118
6.86255
6.86392
6.8653
6.86667
6.86804
6.86942
6.87079
6.87217
6.87354
6.87491
6.87629
6.87766
6.87903
6.88041
6.88178
6.88315
6.88453
6.8859
6.88728
6.88865
6.89002
6.8914
6.89277
6.89414
6.89552
6.89689
6.89826
6.89964
6.90101
6.90238
6.90376
6.90513
6.90651
6.90788
6.90925
6.91063
6.912
6.91337
6.91475
6.91612
6.91749
6.91887
6.92024
6.92162
6.92299
6.92436
6.92574
6.92711
6.92848
6.92986
6.93123
6.9326
6.93398
6.93535
6.93673
6.9381
6.93947
6.94085
6.94222
6.94359
6.94497
6.94634
6.94771
6.94909
6.95046
6.95183
6.95321
6.95458
6.95596
6.95733
6.9587
6.96008
6.96145
6.96282
6.9642
6.96557
6.96694
6.96832
6.96969
6.97107
6.97244
6.97381
6.97519
6.97656
6.97793
6.97931
6.98068
6.98205
6.98343
6.9848
6.98618
6.98755
6.98892
6.9903
6.99167
6.99304
6.99442
6.99579
6.99716
6.99854
6.99991
7.00128
7.00266
7.00403
7.00541
7.00678
7.00815
7.00953
7.0109
7.01227
7.01365
7.01502
7.01639
7.01777
7.01914
7.02051
7.02189
7.02326
7.02464
7.02601
7.02738
7.02876
7.03013
7.0315
7.03288
7.03425
7.03562
7.037
7.03837
7.03975
7.04112
7.04249
7.04387
7.04524
7.04661
7.04799
7.04936
7.05073
7.05211
7.05348
7.05486
7.05623
7.0576
7.05898
7.06035
7.06172
7.0631
7.06447
7.06584
7.06722
7.06859
7.06996
7.07134
7.07271
7.07409
7.07546
7.07683
7.07821
7.07958
7.08095
7.08233
7.0837
7.08507
7.08645
7.08782
7.0892
7.09057
7.09194
7.09332
7.09469
7.09606
7.09744
7.09881
7.10018
7.10156
7.10293
7.10431
7.10568
7.10705
7.10843
7.1098
7.11117
7.11255
7.11392
7.11529
7.11667
7.11804
7.11941
7.12079
7.12216
7.12354
7.12491
7.12628
7.12766
7.12903
7.1304
7.13178
7.13315
7.13452
7.1359
7.13727
7.13865
7.14002
7.14139
7.14277
7.14414
7.14551
7.14689
7.14826
7.14963
7.15101
7.15238
7.15376
7.15513
7.1565
7.15788
7.15925
7.16062
7.162
7.16337
7.16474
7.16612
7.16749
7.16886
7.17024
7.17161
7.17299
7.17436
7.17573
7.17711
7.17848
7.17985
7.18123
7.1826
7.18397
7.18535
7.18672
7.1881
7.18947
7.19084
7.19222
7.19359
7.19496
7.19634
7.19771
7.19908
7.20046
7.20183
7.20321
7.20458
7.20595
7.20733
7.2087
7.21007
7.21145
7.21282
7.21419
7.21557
7.21694
7.21831
7.21969
7.22106
7.22244
7.22381
7.22518
7.22656
7.22793
7.2293
7.23068
7.23205
7.23342
7.2348
7.23617
7.23755
7.23892
7.24029
7.24167
7.24304
7.24441
7.24579
7.24716
7.24853
7.24991
7.25128
7.25266
7.25403
7.2554
7.25678
7.25815
7.25952
7.2609
7.26227
7.26364
7.26502
7.26639
7.26776
7.26914
7.27051
7.27189
7.27326
7.27463
7.27601
7.27738
7.27875
7.28013
7.2815
7.28287
7.28425
7.28562
7.287
7.28837
7.28974
7.29112
7.29249
7.29386
7.29524
7.29661
7.29798
7.29936
7.30073
7.3021
7.30348
7.30485
7.30623
7.3076
7.30897
7.31035
7.31172
7.31309
7.31447
7.31584
7.31721
7.31859
7.31996
7.32134
7.32271
7.32408
7.32546
7.32683
7.3282
7.32958
7.33095
7.33232
7.3337
7.33507
7.33645
7.33782
7.33919
7.34057
7.34194
7.34331
7.34469
7.34606
7.34743
7.34881
7.35018
7.35155
7.35293
7.3543
7.35568
7.35705
7.35842
7.3598
7.36117
7.36254
7.36392
7.36529
7.36666
7.36804
7.36941
7.37079
7.37216
7.37353
7.37491
7.37628
7.37765
7.37903
7.3804
7.38177
7.38315
7.38452
7.3859
7.38727
7.38864
7.39002
7.39139
7.39276
7.39414
7.39551
7.39688
7.39826
7.39963
7.401
7.40238
7.40375
7.40513
7.4065
7.40787
7.40925
7.41062
7.41199
7.41337
7.41474
7.41611
7.41749
7.41886
7.42024
7.42161
7.42298
7.42436
7.42573
7.4271
7.42848
7.42985
7.43122
7.4326
7.43397
7.43535
7.43672
7.43809
7.43947
7.44084
7.44221
7.44359
7.44496
7.44633
7.44771
7.44908
7.45045
7.45183
7.4532
7.45458
7.45595
7.45732
7.4587
7.46007
7.46144
7.46282
7.46419
7.46556
7.46694
7.46831
7.46969
7.47106
7.47243
7.47381
7.47518
7.47655
7.47793
7.4793
7.48067
7.48205
7.48342
7.4848
7.48617
7.48754
7.48892
7.49029
7.49166
7.49304
7.49441
7.49578
7.49716
7.49853
7.4999
7.50128
7.50265
7.50403
7.5054
7.50677
7.50815
7.50952
7.51089
7.51227
7.51364
7.51501
7.51639
7.51776
7.51913
7.52051
7.52188
7.52326
7.52463
7.526
7.52738
7.52875
7.53012
7.5315
7.53287
7.53425
7.53562
7.53699
7.53837
7.53974
7.54111
7.54249
7.54386
7.54523
7.54661
7.54798
7.54935
7.55073
7.5521
7.55348
7.55485
7.55622
7.5576
7.55897
7.56034
7.56172
7.56309
7.56446
7.56584
7.56721
7.56858
7.56996
7.57133
7.57271
7.57408
7.57545
7.57683
7.5782
7.57957
7.58095
7.58232
7.58369
7.58507
7.58644
7.58782
7.58919
7.59056
7.59194
7.59331
7.59468
7.59606
7.59743
7.5988
7.60018
7.60155
7.60293
7.6043
7.60567
7.60705
7.60842
7.60979
7.61117
7.61254
7.61391
7.61529
7.61666
7.61803
7.61941
7.62078
7.62216
7.62353
7.6249
7.62628
7.62765
7.62902
7.6304
7.63177
7.63314
7.63452
7.63589
7.63727
7.63864
7.64001
7.64139
7.64276
7.64413
7.64551
7.64688
7.64825
7.64963
7.651
7.65238
7.65375
7.65512
7.6565
7.65787
7.65924
7.66062
7.66199
7.66336
7.66474
7.66611
7.66748
7.66886
7.67023
7.67161
7.67298
7.67435
7.67573
7.6771
7.67847
7.67985
7.68122
7.68259
7.68397
7.68534
7.68672
7.68809
7.68946
7.69084
7.69221
7.69358
7.69496
7.69633
7.6977
7.69908
7.70045
7.70183
7.7032
7.70457
7.70595
7.70732
7.70869
7.71007
7.71144
7.71281
7.71419
7.71556
7.71693
7.71831
7.71968
7.72106
7.72243
7.7238
7.72518
7.72655
7.72792
7.7293
7.73067
7.73204
7.73342
7.73479
7.73617
7.73754
7.73891
7.74029
7.74166
7.74303
7.74441
7.74578
7.74715
7.74853
7.7499
7.75128
7.75265
7.75402
7.7554
7.75677
7.75814
7.75952
7.76089
7.76226
7.76364
7.76501
7.76638
7.76776
7.76913
7.77051
7.77188
7.77325
7.77463
7.776
7.77737
7.77875
7.78012
7.78149
7.78287
7.78424
7.78562
7.78699
7.78836
7.78974
7.79111
7.79248
7.79386
7.79523
7.7966
7.79798
7.79935
7.80072
7.8021
7.80347
7.80485
7.80622
7.80759
7.80897
7.81034
7.81171
7.81309
7.81446
7.81583
7.81721
7.81858
7.81996
7.82133
7.8227
7.82408
7.82545
7.82682
7.8282
7.82957
7.83094
7.83232
7.83369
7.83507
7.83644
7.83781
7.83919
7.84056
7.84193
7.84331
7.84468
7.84605
7.84743
7.8488
7.85017
7.85155
7.85292
7.8543
7.85567
7.85704
7.85842
7.85979
7.86116
7.86254
7.86391
7.86528
7.86666
7.86803
7.86941
7.87078
7.87215
7.87353
7.8749
7.87627
7.87765
7.87902
7.88039
7.88177
7.88314
7.88452
7.88589
7.88726
7.88864
7.89001
7.89138
7.89276
7.89413
7.8955
7.89688
7.89825
7.89962
7.901
7.90237
7.90375
7.90512
7.90649
7.90787
7.90924
7.91061
7.91199
7.91336
7.91473
7.91611
7.91748
7.91886
7.92023
7.9216
7.92298
7.92435
7.92572
7.9271
7.92847
7.92984
7.93122
7.93259
7.93397
7.93534
7.93671
7.93809
7.93946
7.94083
7.94221
7.94358
7.94495
7.94633
7.9477
7.94907
7.95045
7.95182
7.9532
7.95457
7.95594
7.95732
7.95869
7.96006
7.96144
7.96281
7.96418
7.96556
7.96693
7.96831
7.96968
7.97105
7.97243
7.9738
7.97517
7.97655
7.97792
7.97929
7.98067
7.98204
7.98342
7.98479
7.98616
7.98754
7.98891
7.99028
7.99166
7.99303
7.9944
7.99578
7.99715
7.99852
7.9999
8.00127
8.00265
8.00402
8.00539
8.00677
8.00814
8.00951
8.01089
8.01226
8.01363
8.01501
8.01638
8.01776
8.01913
8.0205
8.02188
8.02325
8.02462
8.026
8.02737
8.02874
8.03012
8.03149
8.03286
8.03424
8.03561
8.03699
8.03836
8.03973
8.04111
8.04248
8.04385
8.04523
8.0466
8.04797
8.04935
8.05072
8.0521
8.05347
8.05484
8.05622
8.05759
8.05896
8.06034
8.06171
8.06308
8.06446
8.06583
8.06721
8.06858
8.06995
8.07133
8.0727
8.07407
8.07545
8.07682
8.07819
8.07957
8.08094
8.08231
8.08369
8.08506
8.08644
8.08781
8.08918
8.09056
8.09193
8.0933
8.09468
8.09605
8.09742
8.0988
8.10017
8.10155
8.10292
8.10429
8.10567
8.10704
8.10841
8.10979
8.11116
8.11253
8.11391
8.11528
8.11666
8.11803
8.1194
8.12078
8.12215
8.12352
8.1249
8.12627
8.12764
8.12902
8.13039
8.13176
8.13314
8.13451
8.13589
8.13726
8.13863
8.14001
8.14138
8.14275
8.14413
8.1455
8.14687
8.14825
8.14962
8.151
8.15237
8.15374
8.15512
8.15649
8.15786
8.15924
8.16061
8.16198
8.16336
8.16473
8.16611
8.16748
8.16885
8.17023
8.1716
8.17297
8.17435
8.17572
8.17709
8.17847
8.17984
8.18121
8.18259
8.18396
8.18534
8.18671
8.18808
8.18946
8.19083
8.1922
8.19358
8.19495
8.19632
8.1977
8.19907
8.20045
8.20182
8.20319
8.20457
8.20594
8.20731
8.20869
8.21006
8.21143
8.21281
8.21418
8.21556
8.21693
8.2183
8.21968
8.22105
8.22242
8.2238
8.22517
8.22654
8.22792
8.22929
8.23066
8.23204
8.23341
8.23479
8.23616
8.23753
8.23891
8.24028
8.24165
8.24303
8.2444
8.24577
8.24715
8.24852
8.2499
8.25127
8.25264
8.25402
8.25539
8.25676
8.25814
8.25951
8.26088
8.26226
8.26363
8.26501
8.26638
8.26775
8.26913
8.2705
8.27187
8.27325
8.27462
8.27599
8.27737
8.27874
8.28011
8.28149
8.28286
8.28424
8.28561
8.28698
8.28836
8.28973
8.2911
8.29248
8.29385
8.29522
8.2966
8.29797
8.29935
8.30072
8.30209
8.30347
8.30484
8.30621
8.30759
8.30896
8.31033
8.31171
8.31308
8.31446
8.31583
8.3172
8.31858
8.31995
8.32132
8.3227
8.32407
8.32544
8.32682
8.32819
8.32956
8.33094
8.33231
8.33368
8.33506
8.33643
8.33781
8.33918
8.34055
8.34193
8.3433
8.34467
8.34605
8.34742
8.34879
8.35017
8.35154
8.35292
8.35429
8.35566
8.35704
8.35841
8.35978
8.36116
8.36253
8.3639
8.36528
8.36665
8.36803
8.3694
8.37077
8.37215
8.37352
8.37489
8.37627
8.37764
8.37901
8.38039
8.38176
8.38313
8.38451
8.38588
8.38726
8.38863
8.39
8.39138
8.39275
8.39412
8.3955
8.39687
8.39824
8.39962
8.40099
8.40237
8.40374
8.40511
8.40649
8.40786
8.40923
8.41061
8.41198
8.41335
8.41473
8.4161
8.41748
8.41885
8.42022
8.4216
8.42297
8.42434
8.42572
8.42709
8.42846
8.42984
8.43121
8.43258
8.43396
8.43533
8.43671
8.43808
8.43945
8.44083
8.4422
8.44357
8.44495
8.44632
8.44769
8.44907
8.45044
8.45182
8.45319
8.45456
8.45594
8.45731
8.45868
8.46006
8.46143
8.4628
8.46418
8.46555
8.46693
8.4683
8.46967
8.47105
8.47242
8.47379
8.47517
8.47654
8.47791
8.47929
8.48066
8.48203
8.48341
8.48478
8.48616
8.48753
8.4889
8.49028
8.49165
8.49302
8.4944
8.49577
8.49714
8.49852
8.49989
8.50127
8.50264
8.50401
8.50539
8.50676
8.50813
8.50951
8.51088
8.51225
8.51363
8.515
8.51638
8.51775
8.51912
8.5205
8.52187
8.52324
8.52462
8.52599
8.52736
8.52874
8.53011
8.53148
8.53286
8.53423
8.53561
8.53698
8.53835
8.53973
8.5411
8.54247
8.54385
8.54522
8.54659
8.54797
8.54934
8.55072
8.55209
8.55346
8.55484
8.55621
8.55758
8.55896
8.56033
8.5617
8.56308
8.56445
8.56583
8.5672
8.56857
8.56995
8.57132
8.57269
8.57407
8.57544
8.57681
8.57819
8.57956
8.58093
8.58231
8.58368
8.58506
8.58643
8.5878
8.58918
8.59055
8.59192
8.5933
8.59467
8.59604
8.59742
8.59879
8.60017
8.60154
8.60291
8.60429
8.60566
8.60703
8.60841
8.60978
8.61115
8.61253
8.6139
8.61528
8.61665
8.61802
8.6194
8.62077
8.62214
8.62352
8.62489
8.62626
8.62764
8.62901
8.63038
8.63176
8.63313
8.63451
8.63588
8.63725
8.63863
8.64
8.64137
8.64275
8.64412
8.64549
8.64687
8.64824
8.64962
8.65099
8.65236
8.65374
8.65511
8.65648
8.65786
8.65923
8.6606
8.66198
8.66335
8.66473
8.6661
8.66747
8.66885
8.67022
8.67159
8.67297
8.67434
8.67571
8.67709
8.67846
8.67983
8.68121
8.68258
8.68396
8.68533
8.6867
8.68808
8.68945
8.69082
8.6922
8.69357
8.69494
8.69632
8.69769
8.69907
8.70044
8.70181
8.70319
8.70456
8.70593
8.70731
8.70868
8.71005
8.71143
8.7128
8.71418
8.71555
8.71692
8.7183
8.71967
8.72104
8.72242
8.72379
8.72516
8.72654
8.72791
8.72928
8.73066
8.73203
8.73341
8.73478
8.73615
8.73753
8.7389
8.74027
8.74165
8.74302
8.74439
8.74577
8.74714
8.74852
8.74989
8.75126
8.75264
8.75401
8.75538
8.75676
8.75813
8.7595
8.76088
8.76225
8.76363
8.765
8.76637
8.76775
8.76912
8.77049
8.77187
8.77324
8.77461
8.77599
8.77736
8.77873
8.78011
8.78148
8.78286
8.78423
8.7856
8.78698
8.78835
8.78972
8.7911
8.79247
8.79384
8.79522
8.79659
8.79797
8.79934
8.80071
8.80209
8.80346
8.80483
8.80621
8.80758
8.80895
8.81033
8.8117
8.81308
8.81445
8.81582
8.8172
8.81857
8.81994
8.82132
8.82269
8.82406
8.82544
8.82681
8.82818
8.82956
8.83093
8.8323
8.83368
8.83505
8.83643
8.8378
8.83917
8.84055
8.84192
8.84329
8.84467
8.84604
8.84741
8.84879
8.85016
8.85154
8.85291
8.85428
8.85566
8.85703
8.8584
8.85978
8.86115
8.86252
8.8639
8.86527
8.86665
8.86802
8.86939
8.87077
8.87214
8.87351
8.87489
8.87626
8.87763
8.87901
8.88038
8.88175
8.88313
8.8845
8.88588
8.88725
8.88862
8.89
8.89137
8.89274
8.89412
8.89549
8.89686
8.89824
8.89961
8.90099
8.90236
8.90373
8.90511
8.90648
8.90785
8.90923
8.9106
8.91197
8.91335
8.91472
8.9161
8.91747
8.91884
8.92022
8.92159
8.92296
8.92434
8.92571
8.92708
8.92846
8.92983
8.9312
8.93258
8.93395
8.93533
8.9367
8.93807
8.93945
8.94082
8.94219
8.94357
8.94494
8.94631
8.94769
8.94906
8.95044
8.95181
8.95318
8.95456
8.95593
8.9573
8.95868
8.96005
8.96142
8.9628
8.96417
8.96555
8.96692
8.96829
8.96967
8.97104
8.97241
8.97379
8.97516
8.97653
8.97791
8.97928
8.98065
8.98203
8.9834
8.98478
8.98615
8.98752
8.9889
8.99027
8.99164
8.99302
8.99439
8.99576
8.99714
8.99851
8.99989
9.00126
9.00263
9.00401
9.00538
9.00675
9.00813
9.0095
9.01087
9.01225
9.01362
9.015
9.01637
9.01774
9.01912
9.02049
9.02186
9.02324
9.02461
9.02598
9.02736
9.02873
9.0301
9.03148
9.03285
9.03423
9.0356
9.03697
9.03835
9.03972
9.04109
9.04247
9.04384
9.04521
9.04659
9.04796
9.04934
9.05071
9.05208
9.05346
9.05483
9.0562
9.05758
9.05895
9.06032
9.0617
9.06307
9.06445
9.06582
9.06719
9.06857
9.06994
9.07131
9.07269
9.07406
9.07543
9.07681
9.07818
9.07955
9.08093
9.0823
9.08368
9.08505
9.08642
9.0878
9.08917
9.09054
9.09192
9.09329
9.09466
9.09604
9.09741
9.09879
9.10016
9.10153
9.10291
9.10428
9.10565
9.10703
9.1084
9.10977
9.11115
9.11252
9.1139
9.11527
9.11664
9.11802
9.11939
9.12076
9.12214
9.12351
9.12488
9.12626
9.12763
9.129
9.13038
9.13175
9.13313
9.1345
9.13587
9.13725
9.13862
9.13999
9.14137
9.14274
9.14411
9.14549
9.14686
9.14824
9.14961
9.15098
9.15236
9.15373
9.1551
9.15648
9.15785
9.15922
9.1606
9.16197
9.16335
9.16472
9.16609
9.16747
9.16884
9.17021
9.17159
9.17296
9.17433
9.17571
9.17708
9.17845
9.17983
9.1812
9.18258
9.18395
9.18532
9.1867
9.18807
9.18944
9.19082
9.19219
9.19356
9.19494
9.19631
9.19769
9.19906
9.20043
9.20181
9.20318
9.20455
9.20593
9.2073
9.20867
9.21005
9.21142
9.2128
9.21417
9.21554
9.21692
9.21829
9.21966
9.22104
9.22241
9.22378
9.22516
9.22653
9.2279
9.22928
9.23065
9.23203
9.2334
9.23477
9.23615
9.23752
9.23889
9.24027
9.24164
9.24301
9.24439
9.24576
9.24714
9.24851
9.24988
9.25126
9.25263
9.254
9.25538
9.25675
9.25812
9.2595
9.26087
9.26225
9.26362
9.26499
9.26637
9.26774
9.26911
9.27049
9.27186
9.27323
9.27461
9.27598
9.27735
9.27873
9.2801
9.28148
9.28285
9.28422
9.2856
9.28697
9.28834
9.28972
9.29109
9.29246
9.29384
9.29521
9.29659
9.29796
9.29933
9.30071
9.30208
9.30345
9.30483
9.3062
9.30757
9.30895
9.31032
9.3117
9.31307
9.31444
9.31582
9.31719
9.31856
9.31994
9.32131
9.32268
9.32406
9.32543
9.3268
9.32818
9.32955
9.33092
9.3323
9.33367
9.33505
9.33642
9.33779
9.33917
9.34054
9.34191
9.34329
9.34466
9.34604
9.34741
9.34878
9.35016
9.35153
9.3529
9.35428
9.35565
9.35702
9.3584
9.35977
9.36115
9.36252
9.36389
9.36527
9.36664
9.36801
9.36939
9.37076
9.37213
9.37351
9.37488
9.37625
9.37763
9.379
9.38037
9.38175
9.38312
9.3845
9.38587
9.38724
9.38862
9.38999
9.39136
9.39274
9.39411
9.39548
9.39686
9.39823
9.39961
9.40098
9.40235
9.40373
9.4051
9.40647
9.40785
9.40922
9.41059
9.41197
9.41334
9.41472
9.41609
9.41746
9.41884
9.42021
9.42158
9.42296
9.42433
9.4257
9.42708
9.42845
9.42982
9.4312
9.43257
9.43395
9.43532
9.43669
9.43807
9.43944
9.44081
9.44219
9.44356
9.44493
9.44631
9.44768
9.44906
9.45043
9.4518
9.45318
9.45455
9.45592
9.4573
9.45867
9.46004
9.46142
9.46279
9.46417
9.46554
9.46691
9.46829
9.46966
9.47103
9.47241
9.47378
9.47515
9.47653
9.4779
9.47927
9.48065
9.48202
9.4834
9.48477
9.48614
9.48752
9.48889
9.49026
9.49164
9.49301
9.49438
9.49576
9.49713
9.49851
9.49988
9.50125
9.50263
9.504
9.50537
9.50675
9.50812
9.50949
9.51087
9.51224
9.51362
9.51499
9.51636
9.51774
9.51911
9.52048
9.52186
9.52323
9.5246
9.52598
9.52735
9.52872
9.5301
9.53147
9.53285
9.53422
9.53559
9.53697
9.53834
9.53971
9.54109
9.54246
9.54383
9.54521
9.54658
9.54796
9.54933
9.5507
9.55208
9.55345
9.55482
9.5562
9.55757
9.55894
9.56032
9.56169
9.56307
9.56444
9.56581
9.56719
9.56856
9.56993
9.57131
9.57268
9.57405
9.57543
9.5768
9.57817
9.57955
9.58092
9.5823
9.58367
9.58504
9.58642
9.58779
9.58916
9.59054
9.59191
9.59328
9.59466
9.59603
9.59741
9.59878
9.60015
9.60153
9.6029
9.60427
9.60565
9.60702
9.60839
9.60977
9.61114
9.61252
9.61389
9.61526
9.61664
9.61801
9.61938
9.62076
9.62213
9.6235
9.62488
9.62625
9.62762
9.629
9.63037
9.63175
9.63312
9.63449
9.63587
9.63724
9.63861
9.63999
9.64136
9.64273
9.64411
9.64548
9.64686
9.64823
9.6496
9.65098
9.65235
9.65372
9.6551
9.65647
9.65784
9.65922
9.66059
9.66197
9.66334
9.66471
9.66609
9.66746
9.66883
9.67021
9.67158
9.67295
9.67433
9.6757
9.67707
9.67845
9.67982
9.6812
9.68257
9.68394
9.68532
9.68669
9.68806
9.68944
9.69081
9.69218
9.69356
9.69493
9.69631
9.69768
9.69905
9.70043
9.7018
9.70317
9.70455
9.70592
9.70729
9.70867
9.71004
9.71142
9.71279
9.71416
9.71554
9.71691
9.71828
9.71966
9.72103
9.7224
9.72378
9.72515
9.72652
9.7279
9.72927
9.73065
9.73202
9.73339
9.73477
9.73614
9.73751
9.73889
9.74026
9.74163
9.74301
9.74438
9.74576
9.74713
9.7485
9.74988
9.75125
9.75262
9.754
9.75537
9.75674
9.75812
9.75949
9.76087
9.76224
9.76361
9.76499
9.76636
9.76773
9.76911
9.77048
9.77185
9.77323
9.7746
9.77597
9.77735
9.77872
9.7801
9.78147
9.78284
9.78422
9.78559
9.78696
9.78834
9.78971
9.79108
9.79246
9.79383
9.79521
9.79658
9.79795
9.79933
9.8007
9.80207
9.80345
9.80482
9.80619
9.80757
9.80894
9.81032
9.81169
9.81306
9.81444
9.81581
9.81718
9.81856
9.81993
9.8213
9.82268
9.82405
9.82542
9.8268
9.82817
9.82955
9.83092
9.83229
9.83367
9.83504
9.83641
9.83779
9.83916
9.84053
9.84191
9.84328
9.84466
9.84603
9.8474
9.84878
9.85015
9.85152
9.8529
9.85427
9.85564
9.85702
9.85839
9.85977
9.86114
9.86251
9.86389
9.86526
9.86663
9.86801
9.86938
9.87075
9.87213
9.8735
9.87487
9.87625
9.87762
9.87899
9.88037
9.88174
9.88312
9.88449
9.88586
9.88724
9.88861
9.88998
9.89136
9.89273
9.8941
9.89548
9.89685
9.89823
9.8996
9.90097
9.90235
9.90372
9.90509
9.90647
9.90784
9.90921
9.91059
9.91196
9.91334
9.91471
9.91608
9.91746
9.91883
9.9202
9.92158
9.92295
9.92432
9.9257
9.92707
9.92844
9.92982
9.93119
9.93257
9.93394
9.93531
9.93669
9.93806
9.93943
9.94081
9.94218
9.94355
9.94493
9.9463
9.94768
9.94905
9.95042
9.9518
9.95317
9.95454
9.95592
9.95729
9.95866
9.96004
9.96141
9.96279
9.96416
9.96553
9.96691
9.96828
9.96965
9.97103
9.9724
9.97377
9.97515
9.97652
9.97789
9.97927
9.98064
9.98202
9.98339
9.98476
9.98614
9.98751
9.98888
9.99026
9.99163
9.993
9.99438
9.99575
9.99713
9.9985
9.99987
10.0012
10.0026
10.004
10.0054
10.0067
10.0081
10.0095
10.0109
10.0122
10.0136
10.015
10.0164
10.0177
10.0191
10.0205
10.0219
10.0232
10.0246
10.026
10.0273
10.0287
10.0301
10.0315
10.0328
10.0342
10.0356
10.037
10.0383
10.0397
10.0411
10.0425
10.0438
10.0452
10.0466
10.0479
10.0493
10.0507
10.0521
10.0534
10.0548
10.0562
10.0576
10.0589
10.0603
10.0617
10.0631
10.0644
10.0658
10.0672
10.0686
10.0699
10.0713
10.0727
10.074
10.0754
10.0768
10.0782
10.0795
10.0809
10.0823
10.0837
10.085
10.0864
10.0878
10.0892
10.0905
10.0919
10.0933
10.0947
10.096
10.0974
10.0988
10.1001
10.1015
10.1029
10.1043
10.1056
10.107
10.1084
10.1098
10.1111
10.1125
10.1139
10.1153
10.1166
10.118
10.1194
10.1208
10.1221
10.1235
10.1249
10.1262
10.1276
10.129
10.1304
10.1317
10.1331
10.1345
10.1359
10.1372
10.1386
10.14
10.1414
10.1427
10.1441
10.1455
10.1468
10.1482
10.1496
10.151
10.1523
10.1537
10.1551
10.1565
10.1578
10.1592
10.1606
10.162
10.1633
10.1647
10.1661
10.1675
10.1688
10.1702
10.1716
10.1729
10.1743
10.1757
10.1771
10.1784
10.1798
10.1812
10.1826
10.1839
10.1853
10.1867
10.1881
10.1894
10.1908
10.1922
10.1936
10.1949
10.1963
10.1977
10.199
10.2004
10.2018
10.2032
10.2045
10.2059
10.2073
10.2087
10.21
10.2114
10.2128
10.2142
10.2155
10.2169
10.2183
10.2197
10.221
10.2224
10.2238
10.2251
10.2265
10.2279
10.2293
10.2306
10.232
10.2334
10.2348
10.2361
10.2375
10.2389
10.2403
10.2416
10.243
10.2444
10.2457
10.2471
10.2485
10.2499
10.2512
10.2526
10.254
10.2554
10.2567
10.2581
10.2595
10.2609
10.2622
10.2636
10.265
10.2664
10.2677
10.2691
10.2705
10.2718
10.2732
10.2746
10.276
10.2773
10.2787
10.2801
10.2815
10.2828
10.2842
10.2856
10.287
10.2883
10.2897
10.2911
10.2925
10.2938
10.2952
10.2966
10.2979
10.2993
10.3007
10.3021
10.3034
10.3048
10.3062
10.3076
10.3089
10.3103
10.3117
10.3131
10.3144
10.3158
10.3172
10.3186
10.3199
10.3213
10.3227
10.324
10.3254
10.3268
10.3282
10.3295
10.3309
10.3323
10.3337
10.335
10.3364
10.3378
10.3392
10.3405
10.3419
10.3433
10.3446
10.346
10.3474
10.3488
10.3501
10.3515
10.3529
10.3543
10.3556
10.357
10.3584
10.3598
10.3611
10.3625
10.3639
10.3653
10.3666
10.368
10.3694
10.3707
10.3721
10.3735
10.3749
10.3762
10.3776
10.379
10.3804
10.3817
10.3831
10.3845
10.3859
10.3872
10.3886
10.39
10.3914
10.3927
10.3941
10.3955
10.3968
10.3982
10.3996
10.401
10.4023
10.4037
10.4051
10.4065
10.4078
10.4092
10.4106
10.412
10.4133
10.4147
10.4161
10.4174
10.4188
10.4202
10.4216
10.4229
10.4243
10.4257
10.4271
10.4284
10.4298
10.4312
10.4326
10.4339
10.4353
10.4367
10.4381
10.4394
10.4408
10.4422
10.4435
10.4449
10.4463
10.4477
10.449
10.4504
10.4518
10.4532
10.4545
10.4559
10.4573
10.4587
10.46
10.4614
10.4628
10.4642
10.4655
10.4669
10.4683
10.4696
10.471
10.4724
10.4738
10.4751
10.4765
10.4779
10.4793
10.4806
10.482
10.4834
10.4848
10.4861
10.4875
10.4889
10.4903
10.4916
10.493
10.4944
10.4957
10.4971
10.4985
10.4999
10.5012
10.5026
10.504
10.5054
10.5067
10.5081
10.5095
10.5109
10.5122
10.5136
10.515
10.5163
10.5177
10.5191
10.5205
10.5218
10.5232
10.5246
10.526
10.5273
10.5287
10.5301
10.5315
10.5328
10.5342
10.5356
10.537
10.5383
10.5397
10.5411
10.5424
10.5438
10.5452
10.5466
10.5479
10.5493
10.5507
10.5521
10.5534
10.5548
10.5562
10.5576
10.5589
10.5603
10.5617
10.5631
10.5644
10.5658
10.5672
10.5685
10.5699
10.5713
10.5727
10.574
10.5754
10.5768
10.5782
10.5795
10.5809
10.5823
10.5837
10.585
10.5864
10.5878
10.5892
10.5905
10.5919
10.5933
10.5946
10.596
10.5974
10.5988
10.6001
10.6015
10.6029
10.6043
10.6056
10.607
10.6084
10.6098
10.6111
10.6125
10.6139
10.6152
10.6166
10.618
10.6194
10.6207
10.6221
10.6235
10.6249
10.6262
10.6276
10.629
10.6304
10.6317
10.6331
10.6345
10.6359
10.6372
10.6386
10.64
10.6413
10.6427
10.6441
10.6455
10.6468
10.6482
10.6496
10.651
10.6523
10.6537
10.6551
10.6565
10.6578
10.6592
10.6606
10.662
10.6633
10.6647
10.6661
10.6674
10.6688
10.6702
10.6716
10.6729
10.6743
10.6757
10.6771
10.6784
10.6798
10.6812
10.6826
10.6839
10.6853
10.6867
10.6881
10.6894
10.6908
10.6922
10.6935
10.6949
10.6963
10.6977
10.699
10.7004
10.7018
10.7032
10.7045
10.7059
10.7073
10.7087
10.71
10.7114
10.7128
10.7141
10.7155
10.7169
10.7183
10.7196
10.721
10.7224
10.7238
10.7251
10.7265
10.7279
10.7293
10.7306
10.732
10.7334
10.7348
10.7361
10.7375
10.7389
10.7402
10.7416
10.743
10.7444
10.7457
10.7471
10.7485
10.7499
10.7512
10.7526
10.754
10.7554
10.7567
10.7581
10.7595
10.7609
10.7622
10.7636
10.765
10.7663
10.7677
10.7691
10.7705
10.7718
10.7732
10.7746
10.776
10.7773
10.7787
10.7801
10.7815
10.7828
10.7842
10.7856
10.787
10.7883
10.7897
10.7911
10.7924
10.7938
10.7952
10.7966
10.7979
10.7993
10.8007
10.8021
10.8034
10.8048
10.8062
10.8076
10.8089
10.8103
10.8117
10.813
10.8144
10.8158
10.8172
10.8185
10.8199
10.8213
10.8227
10.824
10.8254
10.8268
10.8282
10.8295
10.8309
10.8323
10.8337
10.835
10.8364
10.8378
10.8391
10.8405
10.8419
10.8433
10.8446
10.846
10.8474
10.8488
10.8501
10.8515
10.8529
10.8543
10.8556
10.857
10.8584
10.8598
10.8611
10.8625
10.8639
10.8652
10.8666
10.868
10.8694
10.8707
10.8721
10.8735
10.8749
10.8762
10.8776
10.879
10.8804
10.8817
10.8831
10.8845
10.8859
10.8872
10.8886
10.89
10.8913
10.8927
10.8941
10.8955
10.8968
10.8982
10.8996
10.901
10.9023
10.9037
10.9051
10.9065
10.9078
10.9092
10.9106
10.9119
10.9133
10.9147
10.9161
10.9174
10.9188
10.9202
10.9216
10.9229
10.9243
10.9257
10.9271
10.9284
10.9298
10.9312
10.9326
10.9339
10.9353
10.9367
10.938
10.9394
10.9408
10.9422
10.9435
10.9449
10.9463
10.9477
10.949
10.9504
10.9518
10.9532
10.9545
10.9559
10.9573
10.9587
10.96
10.9614
10.9628
10.9641
10.9655
10.9669
10.9683
10.9696
10.971
10.9724
10.9738
10.9751
10.9765
10.9779
10.9793
10.9806
10.982
10.9834
10.9848
10.9861
10.9875
10.9889
10.9902
10.9916
10.993
10.9944
10.9957
10.9971
10.9985
10.9999
11.0012
11.0026
11.004
11.0054
11.0067
11.0081
11.0095
11.0108
11.0122
11.0136
11.015
11.0163
11.0177
11.0191
11.0205
11.0218
11.0232
11.0246
11.026
11.0273
11.0287
11.0301
11.0315
11.0328
11.0342
11.0356
11.0369
11.0383
11.0397
11.0411
11.0424
11.0438
11.0452
11.0466
11.0479
11.0493
11.0507
11.0521
11.0534
11.0548
11.0562
11.0576
11.0589
11.0603
11.0617
11.063
11.0644
11.0658
11.0672
11.0685
11.0699
11.0713
11.0727
11.074
11.0754
11.0768
11.0782
11.0795
11.0809
11.0823
11.0837
11.085
11.0864
11.0878
11.0891
11.0905
11.0919
11.0933
11.0946
11.096
11.0974
11.0988
11.1001
11.1015
11.1029
11.1043
11.1056
11.107
11.1084
11.1097
11.1111
11.1125
11.1139
11.1152
11.1166
11.118
11.1194
11.1207
11.1221
11.1235
11.1249
11.1262
11.1276
11.129
11.1304
11.1317
11.1331
11.1345
11.1358
11.1372
11.1386
11.14
11.1413
11.1427
11.1441
11.1455
11.1468
11.1482
11.1496
11.151
11.1523
11.1537
11.1551
11.1565
11.1578
11.1592
11.1606
11.1619
11.1633
11.1647
11.1661
11.1674
11.1688
11.1702
11.1716
11.1729
11.1743
11.1757
11.1771
11.1784
11.1798
11.1812
11.1826
11.1839
11.1853
11.1867
11.188
11.1894
11.1908
11.1922
11.1935
11.1949
11.1963
11.1977
11.199
11.2004
11.2018
11.2032
11.2045
11.2059
11.2073
11.2086
11.21
11.2114
11.2128
11.2141
11.2155
11.2169
11.2183
11.2196
11.221
11.2224
11.2238
11.2251
11.2265
11.2279
11.2293
11.2306
11.232
11.2334
11.2347
11.2361
11.2375
11.2389
11.2402
11.2416
11.243
11.2444
11.2457
11.2471
11.2485
11.2499
11.2512
11.2526
11.254
11.2554
11.2567
11.2581
11.2595
11.2608
11.2622
11.2636
11.265
11.2663
11.2677
11.2691
11.2705
11.2718
11.2732
11.2746
11.276
11.2773
11.2787
11.2801
11.2815
11.2828
11.2842
11.2856
11.2869
11.2883
11.2897
11.2911
11.2924
11.2938
11.2952
11.2966
11.2979
11.2993
11.3007
11.3021
11.3034
11.3048
11.3062
11.3075
11.3089
11.3103
11.3117
11.313
11.3144
11.3158
11.3172
11.3185
11.3199
11.3213
11.3227
11.324
11.3254
11.3268
11.3282
11.3295
11.3309
11.3323
11.3336
11.335
11.3364
11.3378
11.3391
11.3405
11.3419
11.3433
11.3446
11.346
11.3474
11.3488
11.3501
11.3515
11.3529
11.3543
11.3556
11.357
11.3584
11.3597
11.3611
11.3625
11.3639
11.3652
11.3666
11.368
11.3694
11.3707
11.3721
11.3735
11.3749
11.3762
11.3776
11.379
11.3804
11.3817
11.3831
11.3845
11.3858
11.3872
11.3886
11.39
11.3913
11.3927
11.3941
11.3955
11.3968
11.3982
11.3996
11.401
11.4023
11.4037
11.4051
11.4064
11.4078
11.4092
11.4106
11.4119
11.4133
11.4147
11.4161
11.4174
11.4188
11.4202
11.4216
11.4229
11.4243
11.4257
11.4271
11.4284
11.4298
11.4312
11.4325
11.4339
11.4353
11.4367
11.438
11.4394
11.4408
11.4422
11.4435
11.4449
11.4463
11.4477
11.449
11.4504
11.4518
11.4532
11.4545
11.4559
11.4573
11.4586
11.46
11.4614
11.4628
11.4641
11.4655
11.4669
11.4683
11.4696
11.471
11.4724
11.4738
11.4751
11.4765
11.4779
11.4792
11.4806
11.482
11.4834
11.4847
11.4861
11.4875
11.4889
11.4902
11.4916
11.493
11.4944
11.4957
11.4971
11.4985
11.4999
11.5012
11.5026
11.504
11.5053
11.5067
11.5081
11.5095
11.5108
11.5122
11.5136
11.515
11.5163
11.5177
11.5191
11.5205
11.5218
11.5232
11.5246
11.526
11.5273
11.5287
11.5301
11.5314
11.5328
11.5342
11.5356
11.5369
11.5383
11.5397
11.5411
11.5424
11.5438
11.5452
11.5466
11.5479
11.5493
11.5507
11.5521
11.5534
11.5548
11.5562
11.5575
11.5589
11.5603
11.5617
11.563
11.5644
11.5658
11.5672
11.5685
11.5699
11.5713
11.5727
11.574
11.5754
11.5768
11.5781
11.5795
11.5809
11.5823
11.5836
11.585
11.5864
11.5878
11.5891
11.5905
11.5919
11.5933
11.5946
11.596
11.5974
11.5988
11.6001
11.6015
11.6029
11.6042
11.6056
11.607
11.6084
11.6097
11.6111
11.6125
11.6139
11.6152
11.6166
11.618
11.6194
11.6207
11.6221
11.6235
11.6249
11.6262
11.6276
11.629
11.6303
11.6317
11.6331
11.6345
11.6358
11.6372
11.6386
11.64
11.6413
11.6427
11.6441
11.6455
11.6468
11.6482
11.6496
11.651
11.6523
11.6537
11.6551
11.6564
11.6578
11.6592
11.6606
11.6619
11.6633
11.6647
11.6661
11.6674
11.6688
11.6702
11.6716
11.6729
11.6743
11.6757
11.677
11.6784
11.6798
11.6812
11.6825
11.6839
11.6853
11.6867
11.688
11.6894
11.6908
11.6922
11.6935
11.6949
11.6963
11.6977
11.699
11.7004
11.7018
11.7031
11.7045
11.7059
11.7073
11.7086
11.71
11.7114
11.7128
11.7141
11.7155
11.7169
11.7183
11.7196
11.721
11.7224
11.7238
11.7251
11.7265
11.7279
11.7292
11.7306
11.732
11.7334
11.7347
11.7361
11.7375
11.7389
11.7402
11.7416
11.743
11.7444
11.7457
11.7471
11.7485
11.7499
11.7512
11.7526
11.754
11.7553
11.7567
11.7581
11.7595
11.7608
11.7622
11.7636
11.765
11.7663
11.7677
11.7691
11.7705
11.7718
11.7732
11.7746
11.7759
11.7773
11.7787
11.7801
11.7814
11.7828
11.7842
11.7856
11.7869
11.7883
11.7897
11.7911
11.7924
11.7938
11.7952
11.7966
11.7979
11.7993
11.8007
11.802
11.8034
11.8048
11.8062
11.8075
11.8089
11.8103
11.8117
11.813
11.8144
11.8158
11.8172
11.8185
11.8199
11.8213
11.8227
11.824
11.8254
11.8268
11.8281
11.8295
11.8309
11.8323
11.8336
11.835
11.8364
11.8378
11.8391
11.8405
11.8419
11.8433
11.8446
11.846
11.8474
11.8488
11.8501
11.8515
11.8529
11.8542
11.8556
11.857
11.8584
11.8597
11.8611
11.8625
11.8639
11.8652
11.8666
11.868
11.8694
11.8707
11.8721
11.8735
11.8748
11.8762
11.8776
11.879
11.8803
11.8817
11.8831
11.8845
11.8858
11.8872
11.8886
11.89
11.8913
11.8927
11.8941
11.8955
11.8968
11.8982
11.8996
11.9009
11.9023
11.9037
11.9051
11.9064
11.9078
11.9092
11.9106
11.9119
11.9133
11.9147
11.9161
11.9174
11.9188
11.9202
11.9216
11.9229
11.9243
11.9257
11.927
11.9284
11.9298
11.9312
11.9325
11.9339
11.9353
11.9367
11.938
11.9394
11.9408
11.9422
11.9435
11.9449
11.9463
11.9476
11.949
11.9504
11.9518
11.9531
11.9545
11.9559
11.9573
11.9586
11.96
11.9614
11.9628
11.9641
11.9655
11.9669
11.9683
11.9696
11.971
11.9724
11.9737
11.9751
11.9765
11.9779
11.9792
11.9806
11.982
11.9834
11.9847
11.9861
11.9875
11.9889
11.9902
11.9916
11.993
11.9944
11.9957
11.9971
11.9985
11.9998
12.0012
12.0026
12.004
12.0053
12.0067
12.0081
12.0095
12.0108
12.0122
12.0136
12.015
12.0163
12.0177
12.0191
12.0205
12.0218
12.0232
12.0246
12.0259
12.0273
12.0287
12.0301
12.0314
12.0328
12.0342
12.0356
12.0369
12.0383
12.0397
12.0411
12.0424
12.0438
12.0452
12.0465
12.0479
12.0493
12.0507
12.052
12.0534
12.0548
12.0562
12.0575
12.0589
12.0603
12.0617
12.063
12.0644
12.0658
12.0672
12.0685
12.0699
12.0713
12.0726
12.074
12.0754
12.0768
12.0781
12.0795
12.0809
12.0823
12.0836
12.085
12.0864
12.0878
12.0891
12.0905
12.0919
12.0933
12.0946
12.096
12.0974
12.0987
12.1001
12.1015
12.1029
12.1042
12.1056
12.107
12.1084
12.1097
12.1111
12.1125
12.1139
12.1152
12.1166
12.118
12.1194
12.1207
12.1221
