1.49598e+12
1.49598e+12
1.49598e+12
1.49598e+12
1.49598e+12
1.49598e+12
1.49598e+12
1.49598e+12
1.49598e+12
1.49597e+12
1.49597e+12
1.49597e+12
1.49597e+12
1.49597e+12
1.49597e+12
1.49597e+12
1.49596e+12
1.49596e+12
1.49596e+12
1.49596e+12
1.49596e+12
1.49595e+12
1.49595e+12
1.49595e+12
1.49595e+12
1.49594e+12
1.49594e+12
1.49594e+12
1.49593e+12
1.49593e+12
1.49593e+12
1.49592e+12
1.49592e+12
1.49592e+12
1.49591e+12
1.49591e+12
1.4959e+12
1.4959e+12
1.4959e+12
1.49589e+12
1.49589e+12
1.49588e+12
1.49588e+12
1.49587e+12
1.49587e+12
1.49586e+12
1.49586e+12
1.49585e+12
1.49585e+12
1.49584e+12
1.49584e+12
1.49583e+12
1.49582e+12
1.49582e+12
1.49581e+12
1.49581e+12
1.4958e+12
1.49579e+12
1.49579e+12
1.49578e+12
1.49577e+12
1.49577e+12
1.49576e+12
1.49575e+12
1.49575e+12
1.49574e+12
1.49573e+12
1.49572e+12
1.49572e+12
1.49571e+12
1.4957e+12
1.49569e+12
1.49569e+12
1.49568e+12
1.49567e+12
1.49566e+12
1.49565e+12
1.49564e+12
1.49563e+12
1.49563e+12
1.49562e+12
1.49561e+12
1.4956e+12
1.49559e+12
1.49558e+12
1.49557e+12
1.49556e+12
1.49555e+12
1.49554e+12
1.49553e+12
1.49552e+12
1.49551e+12
1.4955e+12
1.49549e+12
1.49548e+12
1.49547e+12
1.49546e+12
1.49545e+12
1.49544e+12
1.49543e+12
1.49542e+12
1.4954e+12
1.49539e+12
1.49538e+12
1.49537e+12
1.49536e+12
1.49535e+12
1.49533e+12
1.49532e+12
1.49531e+12
1.4953e+12
1.49529e+12
1.49527e+12
1.49526e+12
1.49525e+12
1.49524e+12
1.49522e+12
1.49521e+12
1.4952e+12
1.49518e+12
1.49517e+12
1.49516e+12
1.49514e+12
1.49513e+12
1.49512e+12
1.4951e+12
1.49509e+12
1.49507e+12
1.49506e+12
1.49504e+12
1.49503e+12
1.49502e+12
1.495e+12
1.49499e+12
1.49497e+12
1.49496e+12
1.49494e+12
1.49493e+12
1.49491e+12
1.4949e+12
1.49488e+12
1.49486e+12
1.49485e+12
1.49483e+12
1.49482e+12
1.4948e+12
1.49478e+12
1.49477e+12
1.49475e+12
1.49473e+12
1.49472e+12
1.4947e+12
1.49468e+12
1.49467e+12
1.49465e+12
1.49463e+12
1.49462e+12
1.4946e+12
1.49458e+12
1.49456e+12
1.49455e+12
1.49453e+12
1.49451e+12
1.49449e+12
1.49447e+12
1.49446e+12
1.49444e+12
1.49442e+12
1.4944e+12
1.49438e+12
1.49436e+12
1.49434e+12
1.49432e+12
1.4943e+12
1.49429e+12
1.49427e+12
1.49425e+12
1.49423e+12
1.49421e+12
1.49419e+12
1.49417e+12
1.49415e+12
1.49413e+12
1.49411e+12
1.49409e+12
1.49407e+12
1.49405e+12
1.49402e+12
1.494e+12
1.49398e+12
1.49396e+12
1.49394e+12
1.49392e+12
1.4939e+12
1.49388e+12
1.49385e+12
1.49383e+12
1.49381e+12
1.49379e+12
1.49377e+12
1.49374e+12
1.49372e+12
1.4937e+12
1.49368e+12
1.49365e+12
1.49363e+12
1.49361e+12
1.49359e+12
1.49356e+12
1.49354e+12
1.49352e+12
1.49349e+12
1.49347e+12
1.49345e+12
1.49342e+12
1.4934e+12
1.49337e+12
1.49335e+12
1.49333e+12
1.4933e+12
1.49328e+12
1.49325e+12
1.49323e+12
1.4932e+12
1.49318e+12
1.49315e+12
1.49313e+12
1.4931e+12
1.49308e+12
1.49305e+12
1.49303e+12
1.493e+12
1.49298e+12
1.49295e+12
1.49292e+12
1.4929e+12
1.49287e+12
1.49285e+12
1.49282e+12
1.49279e+12
1.49277e+12
1.49274e+12
1.49271e+12
1.49269e+12
1.49266e+12
1.49263e+12
1.4926e+12
1.49258e+12
1.49255e+12
1.49252e+12
1.49249e+12
1.49247e+12
1.49244e+12
1.49241e+12
1.49238e+12
1.49235e+12
1.49233e+12
1.4923e+12
1.49227e+12
1.49224e+12
1.49221e+12
1.49218e+12
1.49215e+12
1.49212e+12
1.4921e+12
1.49207e+12
1.49204e+12
1.49201e+12
1.49198e+12
1.49195e+12
1.49192e+12
1.49189e+12
1.49186e+12
1.49183e+12
1.4918e+12
1.49177e+12
1.49174e+12
1.4917e+12
1.49167e+12
1.49164e+12
1.49161e+12
1.49158e+12
1.49155e+12
1.49152e+12
1.49149e+12
1.49146e+12
1.49142e+12
1.49139e+12
1.49136e+12
1.49133e+12
1.4913e+12
1.49126e+12
1.49123e+12
1.4912e+12
1.49117e+12
1.49113e+12
1.4911e+12
1.49107e+12
1.49103e+12
1.491e+12
1.49097e+12
1.49094e+12
1.4909e+12
1.49087e+12
1.49083e+12
1.4908e+12
1.49077e+12
1.49073e+12
1.4907e+12
1.49066e+12
1.49063e+12
1.4906e+12
1.49056e+12
1.49053e+12
1.49049e+12
1.49046e+12
1.49042e+12
1.49039e+12
1.49035e+12
1.49032e+12
1.49028e+12
1.49025e+12
1.49021e+12
1.49017e+12
1.49014e+12
1.4901e+12
1.49007e+12
1.49003e+12
1.48999e+12
1.48996e+12
1.48992e+12
1.48988e+12
1.48985e+12
1.48981e+12
1.48977e+12
1.48974e+12
1.4897e+12
1.48966e+12
1.48962e+12
1.48959e+12
1.48955e+12
1.48951e+12
1.48947e+12
1.48944e+12
1.4894e+12
1.48936e+12
1.48932e+12
1.48928e+12
1.48924e+12
1.48921e+12
1.48917e+12
1.48913e+12
1.48909e+12
1.48905e+12
1.48901e+12
1.48897e+12
1.48893e+12
1.48889e+12
1.48885e+12
1.48881e+12
1.48877e+12
1.48873e+12
1.48869e+12
1.48865e+12
1.48861e+12
1.48857e+12
1.48853e+12
1.48849e+12
1.48845e+12
1.48841e+12
1.48837e+12
1.48833e+12
1.48829e+12
1.48825e+12
1.4882e+12
1.48816e+12
1.48812e+12
1.48808e+12
1.48804e+12
1.488e+12
1.48795e+12
1.48791e+12
1.48787e+12
1.48783e+12
1.48778e+12
1.48774e+12
1.4877e+12
1.48766e+12
1.48761e+12
1.48757e+12
1.48753e+12
1.48748e+12
1.48744e+12
1.4874e+12
1.48735e+12
1.48731e+12
1.48727e+12
1.48722e+12
1.48718e+12
1.48713e+12
1.48709e+12
1.48705e+12
1.487e+12
1.48696e+12
1.48691e+12
1.48687e+12
1.48682e+12
1.48678e+12
1.48673e+12
1.48669e+12
1.48664e+12
1.4866e+12
1.48655e+12
1.4865e+12
1.48646e+12
1.48641e+12
1.48637e+12
1.48632e+12
1.48627e+12
1.48623e+12
1.48618e+12
1.48613e+12
1.48609e+12
1.48604e+12
1.48599e+12
1.48595e+12
1.4859e+12
1.48585e+12
1.48581e+12
1.48576e+12
1.48571e+12
1.48566e+12
1.48562e+12
1.48557e+12
1.48552e+12
1.48547e+12
1.48542e+12
1.48538e+12
1.48533e+12
1.48528e+12
1.48523e+12
1.48518e+12
1.48513e+12
1.48508e+12
1.48503e+12
1.48498e+12
1.48494e+12
1.48489e+12
1.48484e+12
1.48479e+12
1.48474e+12
1.48469e+12
1.48464e+12
1.48459e+12
1.48454e+12
1.48449e+12
1.48444e+12
1.48439e+12
1.48434e+12
1.48428e+12
1.48423e+12
1.48418e+12
1.48413e+12
1.48408e+12
1.48403e+12
1.48398e+12
1.48393e+12
1.48387e+12
1.48382e+12
1.48377e+12
1.48372e+12
1.48367e+12
1.48362e+12
1.48356e+12
1.48351e+12
1.48346e+12
1.48341e+12
1.48335e+12
1.4833e+12
1.48325e+12
1.48319e+12
1.48314e+12
1.48309e+12
1.48303e+12
1.48298e+12
1.48293e+12
1.48287e+12
1.48282e+12
1.48277e+12
1.48271e+12
1.48266e+12
1.4826e+12
1.48255e+12
1.48249e+12
1.48244e+12
1.48239e+12
1.48233e+12
1.48228e+12
1.48222e+12
1.48217e+12
1.48211e+12
1.48205e+12
1.482e+12
1.48194e+12
1.48189e+12
1.48183e+12
1.48178e+12
1.48172e+12
1.48166e+12
1.48161e+12
1.48155e+12
1.4815e+12
1.48144e+12
1.48138e+12
1.48133e+12
1.48127e+12
1.48121e+12
1.48115e+12
1.4811e+12
1.48104e+12
1.48098e+12
1.48093e+12
1.48087e+12
1.48081e+12
1.48075e+12
1.48069e+12
1.48064e+12
1.48058e+12
1.48052e+12
1.48046e+12
1.4804e+12
1.48034e+12
1.48028e+12
1.48023e+12
1.48017e+12
1.48011e+12
1.48005e+12
1.47999e+12
1.47993e+12
1.47987e+12
1.47981e+12
1.47975e+12
1.47969e+12
1.47963e+12
1.47957e+12
1.47951e+12
1.47945e+12
1.47939e+12
1.47933e+12
1.47927e+12
1.47921e+12
1.47915e+12
1.47909e+12
1.47903e+12
1.47897e+12
1.4789e+12
1.47884e+12
1.47878e+12
1.47872e+12
1.47866e+12
1.4786e+12
1.47853e+12
1.47847e+12
1.47841e+12
1.47835e+12
1.47829e+12
1.47822e+12
1.47816e+12
1.4781e+12
1.47803e+12
1.47797e+12
1.47791e+12
1.47785e+12
1.47778e+12
1.47772e+12
1.47766e+12
1.47759e+12
1.47753e+12
1.47746e+12
1.4774e+12
1.47734e+12
1.47727e+12
1.47721e+12
1.47714e+12
1.47708e+12
1.47702e+12
1.47695e+12
1.47689e+12
1.47682e+12
1.47676e+12
1.47669e+12
1.47663e+12
1.47656e+12
1.4765e+12
1.47643e+12
1.47636e+12
1.4763e+12
1.47623e+12
1.47617e+12
1.4761e+12
1.47603e+12
1.47597e+12
1.4759e+12
1.47584e+12
1.47577e+12
1.4757e+12
1.47563e+12
1.47557e+12
1.4755e+12
1.47543e+12
1.47537e+12
1.4753e+12
1.47523e+12
1.47516e+12
1.4751e+12
1.47503e+12
1.47496e+12
1.47489e+12
1.47482e+12
1.47476e+12
1.47469e+12
1.47462e+12
1.47455e+12
1.47448e+12
1.47441e+12
1.47434e+12
1.47428e+12
1.47421e+12
1.47414e+12
1.47407e+12
1.474e+12
1.47393e+12
1.47386e+12
1.47379e+12
1.47372e+12
1.47365e+12
1.47358e+12
1.47351e+12
1.47344e+12
1.47337e+12
1.4733e+12
1.47323e+12
1.47316e+12
1.47309e+12
1.47301e+12
1.47294e+12
1.47287e+12
1.4728e+12
1.47273e+12
1.47266e+12
1.47259e+12
1.47251e+12
1.47244e+12
1.47237e+12
1.4723e+12
1.47223e+12
1.47215e+12
1.47208e+12
1.47201e+12
1.47194e+12
1.47186e+12
1.47179e+12
1.47172e+12
1.47165e+12
1.47157e+12
1.4715e+12
1.47143e+12
1.47135e+12
1.47128e+12
1.4712e+12
1.47113e+12
1.47106e+12
1.47098e+12
1.47091e+12
1.47083e+12
1.47076e+12
1.47069e+12
1.47061e+12
1.47054e+12
1.47046e+12
1.47039e+12
1.47031e+12
1.47024e+12
1.47016e+12
1.47009e+12
1.47001e+12
1.46994e+12
1.46986e+12
1.46978e+12
1.46971e+12
1.46963e+12
1.46956e+12
1.46948e+12
1.4694e+12
1.46933e+12
1.46925e+12
1.46917e+12
1.4691e+12
1.46902e+12
1.46894e+12
1.46887e+12
1.46879e+12
1.46871e+12
1.46863e+12
1.46856e+12
1.46848e+12
1.4684e+12
1.46832e+12
1.46825e+12
1.46817e+12
1.46809e+12
1.46801e+12
1.46793e+12
1.46785e+12
1.46778e+12
1.4677e+12
1.46762e+12
1.46754e+12
1.46746e+12
1.46738e+12
1.4673e+12
1.46722e+12
1.46714e+12
1.46706e+12
1.46698e+12
1.4669e+12
1.46682e+12
1.46674e+12
1.46666e+12
1.46658e+12
1.4665e+12
1.46642e+12
1.46634e+12
1.46626e+12
1.46618e+12
1.4661e+12
1.46602e+12
1.46594e+12
1.46586e+12
1.46578e+12
1.46569e+12
1.46561e+12
1.46553e+12
1.46545e+12
1.46537e+12
1.46529e+12
1.4652e+12
1.46512e+12
1.46504e+12
1.46496e+12
1.46487e+12
1.46479e+12
1.46471e+12
1.46463e+12
1.46454e+12
1.46446e+12
1.46438e+12
1.46429e+12
1.46421e+12
1.46413e+12
1.46404e+12
1.46396e+12
1.46388e+12
1.46379e+12
1.46371e+12
1.46362e+12
1.46354e+12
1.46346e+12
1.46337e+12
1.46329e+12
1.4632e+12
1.46312e+12
1.46303e+12
1.46295e+12
1.46286e+12
1.46278e+12
1.46269e+12
1.46261e+12
1.46252e+12
1.46244e+12
1.46235e+12
1.46226e+12
1.46218e+12
1.46209e+12
1.46201e+12
1.46192e+12
1.46183e+12
1.46175e+12
1.46166e+12
1.46157e+12
1.46149e+12
1.4614e+12
1.46131e+12
1.46122e+12
1.46114e+12
1.46105e+12
1.46096e+12
1.46088e+12
1.46079e+12
1.4607e+12
1.46061e+12
1.46052e+12
1.46044e+12
1.46035e+12
1.46026e+12
1.46017e+12
1.46008e+12
1.45999e+12
1.4599e+12
1.45982e+12
1.45973e+12
1.45964e+12
1.45955e+12
1.45946e+12
1.45937e+12
1.45928e+12
1.45919e+12
1.4591e+12
1.45901e+12
1.45892e+12
1.45883e+12
1.45874e+12
1.45865e+12
1.45856e+12
1.45847e+12
1.45838e+12
1.45829e+12
1.4582e+12
1.45811e+12
1.45802e+12
1.45792e+12
1.45783e+12
1.45774e+12
1.45765e+12
1.45756e+12
1.45747e+12
1.45738e+12
1.45728e+12
1.45719e+12
1.4571e+12
1.45701e+12
1.45691e+12
1.45682e+12
1.45673e+12
1.45664e+12
1.45654e+12
1.45645e+12
1.45636e+12
1.45627e+12
1.45617e+12
1.45608e+12
1.45599e+12
1.45589e+12
1.4558e+12
1.4557e+12
1.45561e+12
1.45552e+12
1.45542e+12
1.45533e+12
1.45523e+12
1.45514e+12
1.45505e+12
1.45495e+12
1.45486e+12
1.45476e+12
1.45467e+12
1.45457e+12
1.45448e+12
1.45438e+12
1.45429e+12
1.45419e+12
1.45409e+12
1.454e+12
1.4539e+12
1.45381e+12
1.45371e+12
1.45362e+12
1.45352e+12
1.45342e+12
1.45333e+12
1.45323e+12
1.45313e+12
1.45304e+12
1.45294e+12
1.45284e+12
1.45275e+12
1.45265e+12
1.45255e+12
1.45245e+12
1.45236e+12
1.45226e+12
1.45216e+12
1.45206e+12
1.45196e+12
1.45187e+12
1.45177e+12
1.45167e+12
1.45157e+12
1.45147e+12
1.45138e+12
1.45128e+12
1.45118e+12
1.45108e+12
1.45098e+12
1.45088e+12
1.45078e+12
1.45068e+12
1.45058e+12
1.45048e+12
1.45038e+12
1.45028e+12
1.45018e+12
1.45008e+12
1.44998e+12
1.44988e+12
1.44978e+12
1.44968e+12
1.44958e+12
1.44948e+12
1.44938e+12
1.44928e+12
1.44918e+12
1.44908e+12
1.44898e+12
1.44888e+12
1.44877e+12
1.44867e+12
1.44857e+12
1.44847e+12
1.44837e+12
1.44827e+12
1.44816e+12
1.44806e+12
1.44796e+12
1.44786e+12
1.44776e+12
1.44765e+12
1.44755e+12
1.44745e+12
1.44734e+12
1.44724e+12
1.44714e+12
1.44704e+12
1.44693e+12
1.44683e+12
1.44672e+12
1.44662e+12
1.44652e+12
1.44641e+12
1.44631e+12
1.44621e+12
1.4461e+12
1.446e+12
1.44589e+12
1.44579e+12
1.44568e+12
1.44558e+12
1.44547e+12
1.44537e+12
1.44526e+12
1.44516e+12
1.44505e+12
1.44495e+12
1.44484e+12
1.44474e+12
1.44463e+12
1.44453e+12
1.44442e+12
1.44431e+12
1.44421e+12
1.4441e+12
1.444e+12
1.44389e+12
1.44378e+12
1.44368e+12
1.44357e+12
1.44346e+12
1.44336e+12
1.44325e+12
1.44314e+12
1.44303e+12
1.44293e+12
1.44282e+12
1.44271e+12
1.4426e+12
1.4425e+12
1.44239e+12
1.44228e+12
1.44217e+12
1.44206e+12
1.44196e+12
1.44185e+12
1.44174e+12
1.44163e+12
1.44152e+12
1.44141e+12
1.4413e+12
1.4412e+12
1.44109e+12
1.44098e+12
1.44087e+12
1.44076e+12
1.44065e+12
1.44054e+12
1.44043e+12
1.44032e+12
1.44021e+12
1.4401e+12
1.43999e+12
1.43988e+12
1.43977e+12
1.43966e+12
1.43955e+12
1.43944e+12
1.43932e+12
1.43921e+12
1.4391e+12
1.43899e+12
1.43888e+12
1.43877e+12
1.43866e+12
1.43855e+12
1.43843e+12
1.43832e+12
1.43821e+12
1.4381e+12
1.43799e+12
1.43787e+12
1.43776e+12
1.43765e+12
1.43754e+12
1.43742e+12
1.43731e+12
1.4372e+12
1.43709e+12
1.43697e+12
1.43686e+12
1.43675e+12
1.43663e+12
1.43652e+12
1.4364e+12
1.43629e+12
1.43618e+12
1.43606e+12
1.43595e+12
1.43584e+12
1.43572e+12
1.43561e+12
1.43549e+12
1.43538e+12
1.43526e+12
1.43515e+12
1.43503e+12
1.43492e+12
1.4348e+12
1.43469e+12
1.43457e+12
1.43446e+12
1.43434e+12
1.43423e+12
1.43411e+12
1.43399e+12
1.43388e+12
1.43376e+12
1.43365e+12
1.43353e+12
1.43341e+12
1.4333e+12
1.43318e+12
1.43306e+12
1.43295e+12
1.43283e+12
1.43271e+12
1.4326e+12
1.43248e+12
1.43236e+12
1.43224e+12
1.43213e+12
1.43201e+12
1.43189e+12
1.43177e+12
1.43165e+12
1.43154e+12
1.43142e+12
1.4313e+12
1.43118e+12
1.43106e+12
1.43094e+12
1.43083e+12
1.43071e+12
1.43059e+12
1.43047e+12
1.43035e+12
1.43023e+12
1.43011e+12
1.42999e+12
1.42987e+12
1.42975e+12
1.42963e+12
1.42951e+12
1.42939e+12
1.42927e+12
1.42915e+12
1.42903e+12
1.42891e+12
1.42879e+12
1.42867e+12
1.42855e+12
1.42843e+12
1.42831e+12
1.42819e+12
1.42807e+12
1.42794e+12
1.42782e+12
1.4277e+12
1.42758e+12
1.42746e+12
1.42734e+12
1.42721e+12
1.42709e+12
1.42697e+12
1.42685e+12
1.42673e+12
1.4266e+12
1.42648e+12
1.42636e+12
1.42624e+12
1.42611e+12
1.42599e+12
1.42587e+12
1.42574e+12
1.42562e+12
1.4255e+12
1.42537e+12
1.42525e+12
1.42513e+12
1.425e+12
1.42488e+12
1.42475e+12
1.42463e+12
1.42451e+12
1.42438e+12
1.42426e+12
1.42413e+12
1.42401e+12
1.42388e+12
1.42376e+12
1.42363e+12
1.42351e+12
1.42338e+12
1.42326e+12
1.42313e+12
1.42301e+12
1.42288e+12
1.42276e+12
1.42263e+12
1.4225e+12
1.42238e+12
1.42225e+12
1.42213e+12
1.422e+12
1.42187e+12
1.42175e+12
1.42162e+12
1.42149e+12
1.42137e+12
1.42124e+12
1.42111e+12
1.42098e+12
1.42086e+12
1.42073e+12
1.4206e+12
1.42048e+12
1.42035e+12
1.42022e+12
1.42009e+12
1.41996e+12
1.41984e+12
1.41971e+12
1.41958e+12
1.41945e+12
1.41932e+12
1.41919e+12
1.41906e+12
1.41894e+12
1.41881e+12
1.41868e+12
1.41855e+12
1.41842e+12
1.41829e+12
1.41816e+12
1.41803e+12
1.4179e+12
1.41777e+12
1.41764e+12
1.41751e+12
1.41738e+12
1.41725e+12
1.41712e+12
1.41699e+12
1.41686e+12
1.41673e+12
1.4166e+12
1.41647e+12
1.41634e+12
1.41621e+12
1.41607e+12
1.41594e+12
1.41581e+12
1.41568e+12
1.41555e+12
1.41542e+12
1.41529e+12
1.41515e+12
1.41502e+12
1.41489e+12
1.41476e+12
1.41462e+12
1.41449e+12
1.41436e+12
1.41423e+12
1.41409e+12
1.41396e+12
1.41383e+12
1.4137e+12
1.41356e+12
1.41343e+12
1.4133e+12
1.41316e+12
1.41303e+12
1.4129e+12
1.41276e+12
1.41263e+12
1.41249e+12
1.41236e+12
1.41223e+12
1.41209e+12
1.41196e+12
1.41182e+12
1.41169e+12
1.41155e+12
1.41142e+12
1.41128e+12
1.41115e+12
1.41101e+12
1.41088e+12
1.41074e+12
1.41061e+12
1.41047e+12
1.41034e+12
1.4102e+12
1.41006e+12
1.40993e+12
1.40979e+12
1.40966e+12
1.40952e+12
1.40938e+12
1.40925e+12
1.40911e+12
1.40897e+12
1.40884e+12
1.4087e+12
1.40856e+12
1.40843e+12
1.40829e+12
1.40815e+12
1.40801e+12
1.40788e+12
1.40774e+12
1.4076e+12
1.40746e+12
1.40732e+12
1.40719e+12
1.40705e+12
1.40691e+12
1.40677e+12
1.40663e+12
1.40649e+12
1.40636e+12
1.40622e+12
1.40608e+12
1.40594e+12
1.4058e+12
1.40566e+12
1.40552e+12
1.40538e+12
1.40524e+12
1.4051e+12
1.40496e+12
1.40482e+12
1.40468e+12
1.40454e+12
1.4044e+12
1.40426e+12
1.40412e+12
1.40398e+12
1.40384e+12
1.4037e+12
1.40356e+12
1.40342e+12
1.40328e+12
1.40314e+12
1.403e+12
1.40286e+12
1.40271e+12
1.40257e+12
1.40243e+12
1.40229e+12
1.40215e+12
1.40201e+12
1.40186e+12
1.40172e+12
1.40158e+12
1.40144e+12
1.40129e+12
1.40115e+12
1.40101e+12
1.40087e+12
1.40072e+12
1.40058e+12
1.40044e+12
1.40029e+12
1.40015e+12
1.40001e+12
1.39986e+12
1.39972e+12
1.39958e+12
1.39943e+12
1.39929e+12
1.39915e+12
1.399e+12
1.39886e+12
1.39871e+12
1.39857e+12
1.39842e+12
1.39828e+12
1.39814e+12
1.39799e+12
1.39785e+12
1.3977e+12
1.39756e+12
1.39741e+12
1.39726e+12
1.39712e+12
1.39697e+12
1.39683e+12
1.39668e+12
1.39654e+12
1.39639e+12
1.39624e+12
1.3961e+12
1.39595e+12
1.39581e+12
1.39566e+12
1.39551e+12
1.39537e+12
1.39522e+12
1.39507e+12
1.39493e+12
1.39478e+12
1.39463e+12
1.39448e+12
1.39434e+12
1.39419e+12
1.39404e+12
1.39389e+12
1.39375e+12
1.3936e+12
1.39345e+12
1.3933e+12
1.39315e+12
1.39301e+12
1.39286e+12
1.39271e+12
1.39256e+12
1.39241e+12
1.39226e+12
1.39211e+12
1.39196e+12
1.39182e+12
1.39167e+12
1.39152e+12
1.39137e+12
1.39122e+12
1.39107e+12
1.39092e+12
1.39077e+12
1.39062e+12
1.39047e+12
1.39032e+12
1.39017e+12
1.39002e+12
1.38987e+12
1.38972e+12
1.38957e+12
1.38942e+12
1.38926e+12
1.38911e+12
1.38896e+12
1.38881e+12
1.38866e+12
1.38851e+12
1.38836e+12
1.38821e+12
1.38805e+12
1.3879e+12
1.38775e+12
1.3876e+12
1.38745e+12
1.38729e+12
1.38714e+12
1.38699e+12
1.38684e+12
1.38668e+12
1.38653e+12
1.38638e+12
1.38623e+12
1.38607e+12
1.38592e+12
1.38577e+12
1.38561e+12
1.38546e+12
1.38531e+12
1.38515e+12
1.385e+12
1.38484e+12
1.38469e+12
1.38454e+12
1.38438e+12
1.38423e+12
1.38407e+12
1.38392e+12
1.38376e+12
1.38361e+12
1.38345e+12
1.3833e+12
1.38315e+12
1.38299e+12
1.38283e+12
1.38268e+12
1.38252e+12
1.38237e+12
1.38221e+12
1.38206e+12
1.3819e+12
1.38175e+12
1.38159e+12
1.38143e+12
1.38128e+12
1.38112e+12
1.38096e+12
1.38081e+12
1.38065e+12
1.38049e+12
1.38034e+12
1.38018e+12
1.38002e+12
1.37987e+12
1.37971e+12
1.37955e+12
1.37939e+12
1.37924e+12
1.37908e+12
1.37892e+12
1.37876e+12
1.37861e+12
1.37845e+12
1.37829e+12
1.37813e+12
1.37797e+12
1.37781e+12
1.37766e+12
1.3775e+12
1.37734e+12
1.37718e+12
1.37702e+12
1.37686e+12
1.3767e+12
1.37654e+12
1.37638e+12
1.37622e+12
1.37606e+12
1.37591e+12
1.37575e+12
1.37559e+12
1.37543e+12
1.37527e+12
1.37511e+12
1.37495e+12
1.37478e+12
1.37462e+12
1.37446e+12
1.3743e+12
1.37414e+12
1.37398e+12
1.37382e+12
1.37366e+12
1.3735e+12
1.37334e+12
1.37318e+12
1.37301e+12
1.37285e+12
1.37269e+12
1.37253e+12
1.37237e+12
1.3722e+12
1.37204e+12
1.37188e+12
1.37172e+12
1.37156e+12
1.37139e+12
1.37123e+12
1.37107e+12
1.3709e+12
1.37074e+12
1.37058e+12
1.37042e+12
1.37025e+12
1.37009e+12
1.36993e+12
1.36976e+12
1.3696e+12
1.36943e+12
1.36927e+12
1.36911e+12
1.36894e+12
1.36878e+12
1.36861e+12
1.36845e+12
1.36829e+12
1.36812e+12
1.36796e+12
1.36779e+12
1.36763e+12
1.36746e+12
1.3673e+12
1.36713e+12
1.36697e+12
1.3668e+12
1.36664e+12
1.36647e+12
1.3663e+12
1.36614e+12
1.36597e+12
1.36581e+12
1.36564e+12
1.36547e+12
1.36531e+12
1.36514e+12
1.36498e+12
1.36481e+12
1.36464e+12
1.36448e+12
1.36431e+12
1.36414e+12
1.36397e+12
1.36381e+12
1.36364e+12
1.36347e+12
1.3633e+12
1.36314e+12
1.36297e+12
1.3628e+12
1.36263e+12
1.36247e+12
1.3623e+12
1.36213e+12
1.36196e+12
1.36179e+12
1.36162e+12
1.36146e+12
1.36129e+12
1.36112e+12
1.36095e+12
1.36078e+12
1.36061e+12
1.36044e+12
1.36027e+12
1.3601e+12
1.35993e+12
1.35976e+12
1.35959e+12
1.35942e+12
1.35926e+12
1.35909e+12
1.35891e+12
1.35874e+12
1.35857e+12
1.3584e+12
1.35823e+12
1.35806e+12
1.35789e+12
1.35772e+12
1.35755e+12
1.35738e+12
1.35721e+12
1.35704e+12
1.35687e+12
1.35669e+12
1.35652e+12
1.35635e+12
1.35618e+12
1.35601e+12
1.35584e+12
1.35566e+12
1.35549e+12
1.35532e+12
1.35515e+12
1.35497e+12
1.3548e+12
1.35463e+12
1.35446e+12
1.35428e+12
1.35411e+12
1.35394e+12
1.35377e+12
1.35359e+12
1.35342e+12
1.35325e+12
1.35307e+12
1.3529e+12
1.35272e+12
1.35255e+12
1.35238e+12
1.3522e+12
1.35203e+12
1.35185e+12
1.35168e+12
1.35151e+12
1.35133e+12
1.35116e+12
1.35098e+12
1.35081e+12
1.35063e+12
1.35046e+12
1.35028e+12
1.35011e+12
1.34993e+12
1.34976e+12
1.34958e+12
1.3494e+12
1.34923e+12
1.34905e+12
1.34888e+12
1.3487e+12
1.34853e+12
1.34835e+12
1.34817e+12
1.348e+12
1.34782e+12
1.34764e+12
1.34747e+12
1.34729e+12
1.34711e+12
1.34694e+12
1.34676e+12
1.34658e+12
1.3464e+12
1.34623e+12
1.34605e+12
1.34587e+12
1.34569e+12
1.34552e+12
1.34534e+12
1.34516e+12
1.34498e+12
1.3448e+12
1.34463e+12
1.34445e+12
1.34427e+12
1.34409e+12
1.34391e+12
1.34373e+12
1.34355e+12
1.34337e+12
1.3432e+12
1.34302e+12
1.34284e+12
1.34266e+12
1.34248e+12
1.3423e+12
1.34212e+12
1.34194e+12
1.34176e+12
1.34158e+12
1.3414e+12
1.34122e+12
1.34104e+12
1.34086e+12
1.34068e+12
1.3405e+12
1.34032e+12
1.34014e+12
1.33995e+12
1.33977e+12
1.33959e+12
1.33941e+12
1.33923e+12
1.33905e+12
1.33887e+12
1.33869e+12
1.3385e+12
1.33832e+12
1.33814e+12
1.33796e+12
1.33778e+12
1.33759e+12
1.33741e+12
1.33723e+12
1.33705e+12
1.33686e+12
1.33668e+12
1.3365e+12
1.33632e+12
1.33613e+12
1.33595e+12
1.33577e+12
1.33558e+12
1.3354e+12
1.33522e+12
1.33503e+12
1.33485e+12
1.33467e+12
1.33448e+12
1.3343e+12
1.33411e+12
1.33393e+12
1.33375e+12
1.33356e+12
1.33338e+12
1.33319e+12
1.33301e+12
1.33282e+12
1.33264e+12
1.33245e+12
1.33227e+12
1.33208e+12
1.3319e+12
1.33171e+12
1.33153e+12
1.33134e+12
1.33116e+12
1.33097e+12
1.33078e+12
1.3306e+12
1.33041e+12
1.33023e+12
1.33004e+12
1.32985e+12
1.32967e+12
1.32948e+12
1.32929e+12
1.32911e+12
1.32892e+12
1.32873e+12
1.32855e+12
1.32836e+12
1.32817e+12
1.32798e+12
1.3278e+12
1.32761e+12
1.32742e+12
1.32723e+12
1.32705e+12
1.32686e+12
1.32667e+12
1.32648e+12
1.32629e+12
1.32611e+12
1.32592e+12
1.32573e+12
1.32554e+12
1.32535e+12
1.32516e+12
1.32497e+12
1.32479e+12
1.3246e+12
1.32441e+12
1.32422e+12
1.32403e+12
1.32384e+12
1.32365e+12
1.32346e+12
1.32327e+12
1.32308e+12
1.32289e+12
1.3227e+12
1.32251e+12
1.32232e+12
1.32213e+12
1.32194e+12
1.32175e+12
1.32156e+12
1.32137e+12
1.32118e+12
1.32099e+12
1.32079e+12
1.3206e+12
1.32041e+12
1.32022e+12
1.32003e+12
1.31984e+12
1.31965e+12
1.31945e+12
1.31926e+12
1.31907e+12
1.31888e+12
1.31869e+12
1.31849e+12
1.3183e+12
1.31811e+12
1.31792e+12
1.31772e+12
1.31753e+12
1.31734e+12
1.31715e+12
1.31695e+12
1.31676e+12
1.31657e+12
1.31637e+12
1.31618e+12
1.31599e+12
1.31579e+12
1.3156e+12
1.31541e+12
1.31521e+12
1.31502e+12
1.31482e+12
1.31463e+12
1.31444e+12
1.31424e+12
1.31405e+12
1.31385e+12
1.31366e+12
1.31346e+12
1.31327e+12
1.31307e+12
1.31288e+12
1.31268e+12
1.31249e+12
1.31229e+12
1.3121e+12
1.3119e+12
1.31171e+12
1.31151e+12
1.31131e+12
1.31112e+12
1.31092e+12
1.31073e+12
1.31053e+12
1.31033e+12
1.31014e+12
1.30994e+12
1.30974e+12
1.30955e+12
1.30935e+12
1.30915e+12
1.30896e+12
1.30876e+12
1.30856e+12
1.30837e+12
1.30817e+12
1.30797e+12
1.30777e+12
1.30758e+12
1.30738e+12
1.30718e+12
1.30698e+12
1.30678e+12
1.30659e+12
1.30639e+12
1.30619e+12
1.30599e+12
1.30579e+12
1.30559e+12
1.3054e+12
1.3052e+12
1.305e+12
1.3048e+12
1.3046e+12
1.3044e+12
1.3042e+12
1.304e+12
1.3038e+12
1.3036e+12
1.3034e+12
1.3032e+12
1.303e+12
1.3028e+12
1.3026e+12
1.3024e+12
1.3022e+12
1.302e+12
1.3018e+12
1.3016e+12
1.3014e+12
1.3012e+12
1.301e+12
1.3008e+12
1.3006e+12
1.3004e+12
1.3002e+12
1.29999e+12
1.29979e+12
1.29959e+12
1.29939e+12
1.29919e+12
1.29899e+12
1.29878e+12
1.29858e+12
1.29838e+12
1.29818e+12
1.29798e+12
1.29777e+12
1.29757e+12
1.29737e+12
1.29717e+12
1.29696e+12
1.29676e+12
1.29656e+12
1.29635e+12
1.29615e+12
1.29595e+12
1.29574e+12
1.29554e+12
1.29534e+12
1.29513e+12
1.29493e+12
1.29473e+12
1.29452e+12
1.29432e+12
1.29411e+12
1.29391e+12
1.29371e+12
1.2935e+12
1.2933e+12
1.29309e+12
1.29289e+12
1.29268e+12
1.29248e+12
1.29227e+12
1.29207e+12
1.29186e+12
1.29166e+12
1.29145e+12
1.29125e+12
1.29104e+12
1.29084e+12
1.29063e+12
1.29042e+12
1.29022e+12
1.29001e+12
1.28981e+12
1.2896e+12
1.28939e+12
1.28919e+12
1.28898e+12
1.28877e+12
1.28857e+12
1.28836e+12
1.28815e+12
1.28795e+12
1.28774e+12
1.28753e+12
1.28733e+12
1.28712e+12
1.28691e+12
1.2867e+12
1.2865e+12
1.28629e+12
1.28608e+12
1.28587e+12
1.28566e+12
1.28546e+12
1.28525e+12
1.28504e+12
1.28483e+12
1.28462e+12
1.28441e+12
1.28421e+12
1.284e+12
1.28379e+12
1.28358e+12
1.28337e+12
1.28316e+12
1.28295e+12
1.28274e+12
1.28253e+12
1.28232e+12
1.28211e+12
1.2819e+12
1.28169e+12
1.28148e+12
1.28127e+12
1.28106e+12
1.28085e+12
1.28064e+12
1.28043e+12
1.28022e+12
1.28001e+12
1.2798e+12
1.27959e+12
1.27938e+12
1.27917e+12
1.27896e+12
1.27875e+12
1.27854e+12
1.27832e+12
1.27811e+12
1.2779e+12
1.27769e+12
1.27748e+12
1.27727e+12
1.27705e+12
1.27684e+12
1.27663e+12
1.27642e+12
1.27621e+12
1.27599e+12
1.27578e+12
1.27557e+12
1.27536e+12
1.27514e+12
1.27493e+12
1.27472e+12
1.2745e+12
1.27429e+12
1.27408e+12
1.27386e+12
1.27365e+12
1.27344e+12
1.27322e+12
1.27301e+12
1.2728e+12
1.27258e+12
1.27237e+12
1.27215e+12
1.27194e+12
1.27173e+12
1.27151e+12
1.2713e+12
1.27108e+12
1.27087e+12
1.27065e+12
1.27044e+12
1.27022e+12
1.27001e+12
1.26979e+12
1.26958e+12
1.26936e+12
1.26915e+12
1.26893e+12
1.26872e+12
1.2685e+12
1.26829e+12
1.26807e+12
1.26785e+12
1.26764e+12
1.26742e+12
1.26721e+12
1.26699e+12
1.26677e+12
1.26656e+12
1.26634e+12
1.26612e+12
1.26591e+12
1.26569e+12
1.26547e+12
1.26526e+12
1.26504e+12
1.26482e+12
1.2646e+12
1.26439e+12
1.26417e+12
1.26395e+12
1.26373e+12
1.26352e+12
1.2633e+12
1.26308e+12
1.26286e+12
1.26264e+12
1.26243e+12
1.26221e+12
1.26199e+12
1.26177e+12
1.26155e+12
1.26133e+12
1.26111e+12
1.26089e+12
1.26068e+12
1.26046e+12
1.26024e+12
1.26002e+12
1.2598e+12
1.25958e+12
1.25936e+12
1.25914e+12
1.25892e+12
1.2587e+12
1.25848e+12
1.25826e+12
1.25804e+12
1.25782e+12
1.2576e+12
1.25738e+12
1.25716e+12
1.25694e+12
1.25672e+12
1.2565e+12
1.25628e+12
1.25605e+12
1.25583e+12
1.25561e+12
1.25539e+12
1.25517e+12
1.25495e+12
1.25473e+12
1.2545e+12
1.25428e+12
1.25406e+12
1.25384e+12
1.25362e+12
1.2534e+12
1.25317e+12
1.25295e+12
1.25273e+12
1.25251e+12
1.25228e+12
1.25206e+12
1.25184e+12
1.25162e+12
1.25139e+12
1.25117e+12
1.25095e+12
1.25072e+12
1.2505e+12
1.25028e+12
1.25005e+12
1.24983e+12
1.24961e+12
1.24938e+12
1.24916e+12
1.24893e+12
1.24871e+12
1.24849e+12
1.24826e+12
1.24804e+12
1.24781e+12
1.24759e+12
1.24736e+12
1.24714e+12
1.24691e+12
1.24669e+12
1.24646e+12
1.24624e+12
1.24601e+12
1.24579e+12
1.24556e+12
1.24534e+12
1.24511e+12
1.24489e+12
1.24466e+12
1.24444e+12
1.24421e+12
1.24398e+12
1.24376e+12
1.24353e+12
1.24331e+12
1.24308e+12
1.24285e+12
1.24263e+12
1.2424e+12
1.24217e+12
1.24195e+12
1.24172e+12
1.24149e+12
1.24126e+12
1.24104e+12
1.24081e+12
1.24058e+12
1.24036e+12
1.24013e+12
1.2399e+12
1.23967e+12
1.23944e+12
1.23922e+12
1.23899e+12
1.23876e+12
1.23853e+12
1.2383e+12
1.23808e+12
1.23785e+12
1.23762e+12
1.23739e+12
1.23716e+12
1.23693e+12
1.2367e+12
1.23647e+12
1.23625e+12
1.23602e+12
1.23579e+12
1.23556e+12
1.23533e+12
1.2351e+12
1.23487e+12
1.23464e+12
1.23441e+12
1.23418e+12
1.23395e+12
1.23372e+12
1.23349e+12
1.23326e+12
1.23303e+12
1.2328e+12
1.23257e+12
1.23234e+12
1.23211e+12
1.23188e+12
1.23164e+12
1.23141e+12
1.23118e+12
1.23095e+12
1.23072e+12
1.23049e+12
1.23026e+12
1.23003e+12
1.22979e+12
1.22956e+12
1.22933e+12
1.2291e+12
1.22887e+12
1.22863e+12
1.2284e+12
1.22817e+12
1.22794e+12
1.2277e+12
1.22747e+12
1.22724e+12
1.22701e+12
1.22677e+12
1.22654e+12
1.22631e+12
1.22608e+12
1.22584e+12
1.22561e+12
1.22538e+12
1.22514e+12
1.22491e+12
1.22467e+12
1.22444e+12
1.22421e+12
1.22397e+12
1.22374e+12
1.2235e+12
1.22327e+12
1.22304e+12
1.2228e+12
1.22257e+12
1.22233e+12
1.2221e+12
1.22186e+12
1.22163e+12
1.22139e+12
1.22116e+12
1.22092e+12
1.22069e+12
1.22045e+12
1.22022e+12
1.21998e+12
1.21975e+12
1.21951e+12
1.21928e+12
1.21904e+12
1.2188e+12
1.21857e+12
1.21833e+12
1.2181e+12
1.21786e+12
1.21762e+12
1.21739e+12
1.21715e+12
1.21691e+12
1.21668e+12
1.21644e+12
1.2162e+12
1.21597e+12
1.21573e+12
1.21549e+12
1.21525e+12
1.21502e+12
1.21478e+12
1.21454e+12
1.2143e+12
1.21407e+12
1.21383e+12
1.21359e+12
1.21335e+12
1.21312e+12
1.21288e+12
1.21264e+12
1.2124e+12
1.21216e+12
1.21192e+12
1.21168e+12
1.21145e+12
1.21121e+12
1.21097e+12
1.21073e+12
1.21049e+12
1.21025e+12
1.21001e+12
1.20977e+12
1.20953e+12
1.20929e+12
1.20905e+12
1.20881e+12
1.20857e+12
1.20833e+12
1.20809e+12
1.20785e+12
1.20761e+12
1.20737e+12
1.20713e+12
1.20689e+12
1.20665e+12
1.20641e+12
1.20617e+12
1.20593e+12
1.20569e+12
1.20545e+12
1.20521e+12
1.20497e+12
1.20473e+12
1.20448e+12
1.20424e+12
1.204e+12
1.20376e+12
1.20352e+12
1.20328e+12
1.20304e+12
1.20279e+12
1.20255e+12
1.20231e+12
1.20207e+12
1.20182e+12
1.20158e+12
1.20134e+12
1.2011e+12
1.20085e+12
1.20061e+12
1.20037e+12
1.20013e+12
1.19988e+12
1.19964e+12
1.1994e+12
1.19915e+12
1.19891e+12
1.19867e+12
1.19842e+12
1.19818e+12
1.19794e+12
1.19769e+12
1.19745e+12
1.1972e+12
1.19696e+12
1.19672e+12
1.19647e+12
1.19623e+12
1.19598e+12
1.19574e+12
1.19549e+12
1.19525e+12
1.19501e+12
1.19476e+12
1.19452e+12
1.19427e+12
1.19403e+12
1.19378e+12
1.19353e+12
1.19329e+12
1.19304e+12
1.1928e+12
1.19255e+12
1.19231e+12
1.19206e+12
1.19182e+12
1.19157e+12
1.19132e+12
1.19108e+12
1.19083e+12
1.19058e+12
1.19034e+12
1.19009e+12
1.18985e+12
1.1896e+12
1.18935e+12
1.1891e+12
1.18886e+12
1.18861e+12
1.18836e+12
1.18812e+12
1.18787e+12
1.18762e+12
1.18737e+12
1.18713e+12
1.18688e+12
1.18663e+12
1.18638e+12
1.18614e+12
1.18589e+12
1.18564e+12
1.18539e+12
1.18514e+12
1.18489e+12
1.18465e+12
1.1844e+12
1.18415e+12
1.1839e+12
1.18365e+12
1.1834e+12
1.18315e+12
1.1829e+12
1.18266e+12
1.18241e+12
1.18216e+12
1.18191e+12
1.18166e+12
1.18141e+12
1.18116e+12
1.18091e+12
1.18066e+12
1.18041e+12
1.18016e+12
1.17991e+12
1.17966e+12
1.17941e+12
1.17916e+12
1.17891e+12
1.17866e+12
1.17841e+12
1.17816e+12
1.1779e+12
1.17765e+12
1.1774e+12
1.17715e+12
1.1769e+12
1.17665e+12
1.1764e+12
1.17615e+12
1.1759e+12
1.17564e+12
1.17539e+12
1.17514e+12
1.17489e+12
1.17464e+12
1.17438e+12
1.17413e+12
1.17388e+12
1.17363e+12
1.17338e+12
1.17312e+12
1.17287e+12
1.17262e+12
1.17236e+12
1.17211e+12
1.17186e+12
1.17161e+12
1.17135e+12
1.1711e+12
1.17085e+12
1.17059e+12
1.17034e+12
1.17009e+12
1.16983e+12
1.16958e+12
1.16933e+12
1.16907e+12
1.16882e+12
1.16856e+12
1.16831e+12
1.16806e+12
1.1678e+12
1.16755e+12
1.16729e+12
1.16704e+12
1.16678e+12
1.16653e+12
1.16627e+12
1.16602e+12
1.16576e+12
1.16551e+12
1.16525e+12
1.165e+12
1.16474e+12
1.16449e+12
1.16423e+12
1.16398e+12
1.16372e+12
1.16347e+12
1.16321e+12
1.16295e+12
1.1627e+12
1.16244e+12
1.16219e+12
1.16193e+12
1.16167e+12
1.16142e+12
1.16116e+12
1.1609e+12
1.16065e+12
1.16039e+12
1.16013e+12
1.15988e+12
1.15962e+12
1.15936e+12
1.1591e+12
1.15885e+12
1.15859e+12
1.15833e+12
1.15807e+12
1.15782e+12
1.15756e+12
1.1573e+12
1.15704e+12
1.15679e+12
1.15653e+12
1.15627e+12
1.15601e+12
1.15575e+12
1.15549e+12
1.15524e+12
1.15498e+12
1.15472e+12
1.15446e+12
1.1542e+12
1.15394e+12
1.15368e+12
1.15342e+12
1.15316e+12
1.15291e+12
1.15265e+12
1.15239e+12
1.15213e+12
1.15187e+12
1.15161e+12
1.15135e+12
1.15109e+12
1.15083e+12
1.15057e+12
1.15031e+12
1.15005e+12
1.14979e+12
1.14953e+12
1.14927e+12
1.14901e+12
1.14875e+12
1.14849e+12
1.14822e+12
1.14796e+12
1.1477e+12
1.14744e+12
1.14718e+12
1.14692e+12
1.14666e+12
1.1464e+12
1.14613e+12
1.14587e+12
1.14561e+12
1.14535e+12
1.14509e+12
1.14483e+12
1.14456e+12
1.1443e+12
1.14404e+12
1.14378e+12
1.14352e+12
1.14325e+12
1.14299e+12
1.14273e+12
1.14247e+12
1.1422e+12
1.14194e+12
1.14168e+12
1.14141e+12
1.14115e+12
1.14089e+12
1.14062e+12
1.14036e+12
1.1401e+12
1.13983e+12
1.13957e+12
1.13931e+12
1.13904e+12
1.13878e+12
1.13852e+12
1.13825e+12
1.13799e+12
1.13772e+12
1.13746e+12
1.13719e+12
1.13693e+12
1.13667e+12
1.1364e+12
1.13614e+12
1.13587e+12
1.13561e+12
1.13534e+12
1.13508e+12
1.13481e+12
1.13455e+12
1.13428e+12
1.13402e+12
1.13375e+12
1.13348e+12
1.13322e+12
1.13295e+12
1.13269e+12
1.13242e+12
1.13216e+12
1.13189e+12
1.13162e+12
1.13136e+12
1.13109e+12
1.13082e+12
1.13056e+12
1.13029e+12
1.13003e+12
1.12976e+12
1.12949e+12
1.12922e+12
1.12896e+12
1.12869e+12
1.12842e+12
1.12816e+12
1.12789e+12
1.12762e+12
1.12735e+12
1.12709e+12
1.12682e+12
1.12655e+12
1.12628e+12
1.12602e+12
1.12575e+12
1.12548e+12
1.12521e+12
1.12494e+12
1.12468e+12
1.12441e+12
1.12414e+12
1.12387e+12
1.1236e+12
1.12333e+12
1.12306e+12
1.1228e+12
1.12253e+12
1.12226e+12
1.12199e+12
1.12172e+12
1.12145e+12
1.12118e+12
1.12091e+12
1.12064e+12
1.12037e+12
1.1201e+12
1.11983e+12
1.11956e+12
1.11929e+12
1.11902e+12
1.11875e+12
1.11848e+12
1.11821e+12
1.11794e+12
1.11767e+12
1.1174e+12
1.11713e+12
1.11686e+12
1.11659e+12
1.11632e+12
1.11605e+12
1.11578e+12
1.1155e+12
1.11523e+12
1.11496e+12
1.11469e+12
1.11442e+12
1.11415e+12
1.11388e+12
1.1136e+12
1.11333e+12
1.11306e+12
1.11279e+12
1.11252e+12
1.11225e+12
1.11197e+12
1.1117e+12
1.11143e+12
1.11116e+12
1.11088e+12
1.11061e+12
1.11034e+12
1.11007e+12
1.10979e+12
1.10952e+12
1.10925e+12
1.10897e+12
1.1087e+12
1.10843e+12
1.10815e+12
1.10788e+12
1.10761e+12
1.10733e+12
1.10706e+12
1.10679e+12
1.10651e+12
1.10624e+12
1.10596e+12
1.10569e+12
1.10542e+12
1.10514e+12
1.10487e+12
1.10459e+12
1.10432e+12
1.10404e+12
1.10377e+12
1.10349e+12
1.10322e+12
1.10295e+12
1.10267e+12
1.1024e+12
1.10212e+12
1.10184e+12
1.10157e+12
1.10129e+12
1.10102e+12
1.10074e+12
1.10047e+12
1.10019e+12
1.09992e+12
1.09964e+12
1.09936e+12
1.09909e+12
1.09881e+12
1.09854e+12
1.09826e+12
1.09798e+12
1.09771e+12
1.09743e+12
1.09715e+12
1.09688e+12
1.0966e+12
1.09632e+12
1.09605e+12
1.09577e+12
1.09549e+12
1.09522e+12
1.09494e+12
1.09466e+12
1.09438e+12
1.09411e+12
1.09383e+12
1.09355e+12
1.09327e+12
1.093e+12
1.09272e+12
1.09244e+12
1.09216e+12
1.09188e+12
1.09161e+12
1.09133e+12
1.09105e+12
1.09077e+12
1.09049e+12
1.09021e+12
1.08993e+12
1.08966e+12
1.08938e+12
1.0891e+12
1.08882e+12
1.08854e+12
1.08826e+12
1.08798e+12
1.0877e+12
1.08742e+12
1.08714e+12
1.08686e+12
1.08658e+12
1.0863e+12
1.08602e+12
1.08574e+12
1.08546e+12
1.08518e+12
1.0849e+12
1.08462e+12
1.08434e+12
1.08406e+12
1.08378e+12
1.0835e+12
1.08322e+12
1.08294e+12
1.08266e+12
1.08238e+12
1.0821e+12
1.08182e+12
1.08154e+12
1.08126e+12
1.08097e+12
1.08069e+12
1.08041e+12
1.08013e+12
1.07985e+12
1.07957e+12
1.07928e+12
1.079e+12
1.07872e+12
1.07844e+12
1.07816e+12
1.07787e+12
1.07759e+12
1.07731e+12
1.07703e+12
1.07675e+12
1.07646e+12
1.07618e+12
1.0759e+12
1.07561e+12
1.07533e+12
1.07505e+12
1.07477e+12
1.07448e+12
1.0742e+12
1.07392e+12
1.07363e+12
1.07335e+12
1.07307e+12
1.07278e+12
1.0725e+12
1.07222e+12
1.07193e+12
1.07165e+12
1.07136e+12
1.07108e+12
1.0708e+12
1.07051e+12
1.07023e+12
1.06994e+12
1.06966e+12
1.06937e+12
1.06909e+12
1.0688e+12
1.06852e+12
1.06824e+12
1.06795e+12
1.06767e+12
1.06738e+12
1.06709e+12
1.06681e+12
1.06652e+12
1.06624e+12
1.06595e+12
1.06567e+12
1.06538e+12
1.0651e+12
1.06481e+12
1.06452e+12
1.06424e+12
1.06395e+12
1.06367e+12
1.06338e+12
1.06309e+12
1.06281e+12
1.06252e+12
1.06224e+12
1.06195e+12
1.06166e+12
1.06138e+12
1.06109e+12
1.0608e+12
1.06051e+12
1.06023e+12
1.05994e+12
1.05965e+12
1.05937e+12
1.05908e+12
1.05879e+12
1.0585e+12
1.05822e+12
1.05793e+12
1.05764e+12
1.05735e+12
1.05706e+12
1.05678e+12
1.05649e+12
1.0562e+12
1.05591e+12
1.05562e+12
1.05534e+12
1.05505e+12
1.05476e+12
1.05447e+12
1.05418e+12
1.05389e+12
1.0536e+12
1.05332e+12
1.05303e+12
1.05274e+12
1.05245e+12
1.05216e+12
1.05187e+12
1.05158e+12
1.05129e+12
1.051e+12
1.05071e+12
1.05042e+12
1.05013e+12
1.04984e+12
1.04955e+12
1.04926e+12
1.04897e+12
1.04868e+12
1.04839e+12
1.0481e+12
1.04781e+12
1.04752e+12
1.04723e+12
1.04694e+12
1.04665e+12
1.04636e+12
1.04607e+12
1.04578e+12
1.04548e+12
1.04519e+12
1.0449e+12
1.04461e+12
1.04432e+12
1.04403e+12
1.04374e+12
1.04345e+12
1.04315e+12
1.04286e+12
1.04257e+12
1.04228e+12
1.04199e+12
1.04169e+12
1.0414e+12
1.04111e+12
1.04082e+12
1.04053e+12
1.04023e+12
1.03994e+12
1.03965e+12
1.03936e+12
1.03906e+12
1.03877e+12
1.03848e+12
1.03818e+12
1.03789e+12
1.0376e+12
1.03731e+12
1.03701e+12
1.03672e+12
1.03643e+12
1.03613e+12
1.03584e+12
1.03554e+12
1.03525e+12
1.03496e+12
1.03466e+12
1.03437e+12
1.03408e+12
1.03378e+12
1.03349e+12
1.03319e+12
1.0329e+12
1.0326e+12
1.03231e+12
1.03202e+12
1.03172e+12
1.03143e+12
1.03113e+12
1.03084e+12
1.03054e+12
1.03025e+12
1.02995e+12
1.02966e+12
1.02936e+12
1.02907e+12
1.02877e+12
1.02847e+12
1.02818e+12
1.02788e+12
1.02759e+12
1.02729e+12
1.027e+12
1.0267e+12
1.0264e+12
1.02611e+12
1.02581e+12
1.02552e+12
1.02522e+12
1.02492e+12
1.02463e+12
1.02433e+12
1.02403e+12
1.02374e+12
1.02344e+12
1.02314e+12
1.02285e+12
1.02255e+12
1.02225e+12
1.02196e+12
1.02166e+12
1.02136e+12
1.02106e+12
1.02077e+12
1.02047e+12
1.02017e+12
1.01987e+12
1.01958e+12
1.01928e+12
1.01898e+12
1.01868e+12
1.01838e+12
1.01809e+12
1.01779e+12
1.01749e+12
1.01719e+12
1.01689e+12
1.01659e+12
1.0163e+12
1.016e+12
1.0157e+12
1.0154e+12
1.0151e+12
1.0148e+12
1.0145e+12
1.0142e+12
1.0139e+12
1.0136e+12
1.01331e+12
1.01301e+12
1.01271e+12
1.01241e+12
1.01211e+12
1.01181e+12
1.01151e+12
1.01121e+12
1.01091e+12
1.01061e+12
1.01031e+12
1.01001e+12
1.00971e+12
1.00941e+12
1.00911e+12
1.00881e+12
1.00851e+12
1.00821e+12
1.0079e+12
1.0076e+12
1.0073e+12
1.007e+12
1.0067e+12
1.0064e+12
1.0061e+12
1.0058e+12
1.0055e+12
1.0052e+12
1.00489e+12
1.00459e+12
1.00429e+12
1.00399e+12
1.00369e+12
1.00339e+12
1.00308e+12
1.00278e+12
1.00248e+12
1.00218e+12
1.00188e+12
1.00157e+12
1.00127e+12
1.00097e+12
1.00067e+12
1.00036e+12
1.00006e+12
9.99759e+11
9.99456e+11
9.99153e+11
9.9885e+11
9.98547e+11
9.98244e+11
9.97941e+11
9.97638e+11
9.97335e+11
9.97031e+11
9.96728e+11
9.96425e+11
9.96121e+11
9.95817e+11
9.95514e+11
9.9521e+11
9.94906e+11
9.94602e+11
9.94298e+11
9.93994e+11
9.9369e+11
9.93386e+11
9.93081e+11
9.92777e+11
9.92473e+11
9.92168e+11
9.91863e+11
9.91559e+11
9.91254e+11
9.90949e+11
9.90644e+11
9.90339e+11
9.90034e+11
9.89729e+11
9.89424e+11
9.89119e+11
9.88814e+11
9.88508e+11
9.88203e+11
9.87897e+11
9.87592e+11
9.87286e+11
9.8698e+11
9.86674e+11
9.86368e+11
9.86062e+11
9.85756e+11
9.8545e+11
9.85144e+11
9.84838e+11
9.84531e+11
9.84225e+11
9.83919e+11
9.83612e+11
9.83305e+11
9.82999e+11
9.82692e+11
9.82385e+11
9.82078e+11
9.81771e+11
9.81464e+11
9.81157e+11
9.8085e+11
9.80542e+11
9.80235e+11
9.79928e+11
9.7962e+11
9.79313e+11
9.79005e+11
9.78697e+11
9.78389e+11
9.78082e+11
9.77774e+11
9.77466e+11
9.77157e+11
9.76849e+11
9.76541e+11
9.76233e+11
9.75924e+11
9.75616e+11
9.75307e+11
9.74999e+11
9.7469e+11
9.74381e+11
9.74073e+11
9.73764e+11
9.73455e+11
9.73146e+11
9.72837e+11
9.72528e+11
9.72218e+11
9.71909e+11
9.716e+11
9.7129e+11
9.70981e+11
9.70671e+11
9.70361e+11
9.70052e+11
9.69742e+11
9.69432e+11
9.69122e+11
9.68812e+11
9.68502e+11
9.68192e+11
9.67881e+11
9.67571e+11
9.67261e+11
9.6695e+11
9.6664e+11
9.66329e+11
9.66019e+11
9.65708e+11
9.65397e+11
9.65086e+11
9.64775e+11
9.64464e+11
9.64153e+11
9.63842e+11
9.63531e+11
9.63219e+11
9.62908e+11
9.62596e+11
9.62285e+11
9.61973e+11
9.61662e+11
9.6135e+11
9.61038e+11
9.60726e+11
9.60414e+11
9.60102e+11
9.5979e+11
9.59478e+11
9.59166e+11
9.58853e+11
9.58541e+11
9.58229e+11
9.57916e+11
9.57603e+11
9.57291e+11
9.56978e+11
9.56665e+11
9.56352e+11
9.56039e+11
9.55726e+11
9.55413e+11
9.551e+11
9.54787e+11
9.54474e+11
9.5416e+11
9.53847e+11
9.53533e+11
9.5322e+11
9.52906e+11
9.52592e+11
9.52279e+11
9.51965e+11
9.51651e+11
9.51337e+11
9.51023e+11
9.50709e+11
9.50394e+11
9.5008e+11
9.49766e+11
9.49451e+11
9.49137e+11
9.48822e+11
9.48508e+11
9.48193e+11
9.47878e+11
9.47563e+11
9.47248e+11
9.46933e+11
9.46618e+11
9.46303e+11
9.45988e+11
9.45673e+11
9.45357e+11
9.45042e+11
9.44726e+11
9.44411e+11
9.44095e+11
9.4378e+11
9.43464e+11
9.43148e+11
9.42832e+11
9.42516e+11
9.422e+11
9.41884e+11
9.41568e+11
9.41252e+11
9.40935e+11
9.40619e+11
9.40302e+11
9.39986e+11
9.39669e+11
9.39353e+11
9.39036e+11
9.38719e+11
9.38402e+11
9.38085e+11
9.37768e+11
9.37451e+11
9.37134e+11
9.36817e+11
9.365e+11
9.36182e+11
9.35865e+11
9.35547e+11
9.3523e+11
9.34912e+11
9.34594e+11
9.34277e+11
9.33959e+11
9.33641e+11
9.33323e+11
9.33005e+11
9.32687e+11
9.32368e+11
9.3205e+11
9.31732e+11
9.31413e+11
9.31095e+11
9.30776e+11
9.30458e+11
9.30139e+11
9.2982e+11
9.29502e+11
9.29183e+11
9.28864e+11
9.28545e+11
9.28226e+11
9.27907e+11
9.27587e+11
9.27268e+11
9.26949e+11
9.26629e+11
9.2631e+11
9.2599e+11
9.25671e+11
9.25351e+11
9.25031e+11
9.24711e+11
9.24391e+11
9.24071e+11
9.23751e+11
9.23431e+11
9.23111e+11
9.22791e+11
9.22471e+11
9.2215e+11
9.2183e+11
9.21509e+11
9.21189e+11
9.20868e+11
9.20547e+11
9.20226e+11
9.19906e+11
9.19585e+11
9.19264e+11
9.18943e+11
9.18621e+11
9.183e+11
9.17979e+11
9.17658e+11
9.17336e+11
9.17015e+11
9.16693e+11
9.16372e+11
9.1605e+11
9.15728e+11
9.15406e+11
9.15085e+11
9.14763e+11
9.14441e+11
9.14118e+11
9.13796e+11
9.13474e+11
9.13152e+11
9.12829e+11
9.12507e+11
9.12185e+11
9.11862e+11
9.11539e+11
9.11217e+11
9.10894e+11
9.10571e+11
9.10248e+11
9.09925e+11
9.09602e+11
9.09279e+11
9.08956e+11
9.08633e+11
9.08309e+11
9.07986e+11
9.07663e+11
9.07339e+11
9.07016e+11
9.06692e+11
9.06368e+11
9.06044e+11
9.05721e+11
9.05397e+11
9.05073e+11
9.04749e+11
9.04425e+11
9.041e+11
9.03776e+11
9.03452e+11
9.03128e+11
9.02803e+11
9.02479e+11
9.02154e+11
9.01829e+11
9.01505e+11
9.0118e+11
9.00855e+11
9.0053e+11
9.00205e+11
8.9988e+11
8.99555e+11
8.9923e+11
8.98905e+11
8.98579e+11
8.98254e+11
8.97929e+11
8.97603e+11
8.97278e+11
8.96952e+11
8.96626e+11
8.963e+11
8.95975e+11
8.95649e+11
8.95323e+11
8.94997e+11
8.94671e+11
8.94344e+11
8.94018e+11
8.93692e+11
8.93366e+11
8.93039e+11
8.92713e+11
8.92386e+11
8.92059e+11
8.91733e+11
8.91406e+11
8.91079e+11
8.90752e+11
8.90425e+11
8.90098e+11
8.89771e+11
8.89444e+11
8.89117e+11
8.8879e+11
8.88462e+11
8.88135e+11
8.87807e+11
8.8748e+11
8.87152e+11
8.86824e+11
8.86497e+11
8.86169e+11
8.85841e+11
8.85513e+11
8.85185e+11
8.84857e+11
8.84529e+11
8.84201e+11
8.83872e+11
8.83544e+11
8.83216e+11
8.82887e+11
8.82559e+11
8.8223e+11
8.81901e+11
8.81573e+11
8.81244e+11
8.80915e+11
8.80586e+11
8.80257e+11
8.79928e+11
8.79599e+11
8.7927e+11
8.78941e+11
8.78611e+11
8.78282e+11
8.77952e+11
8.77623e+11
8.77293e+11
8.76964e+11
8.76634e+11
8.76304e+11
8.75974e+11
8.75644e+11
8.75315e+11
8.74985e+11
8.74654e+11
8.74324e+11
8.73994e+11
8.73664e+11
8.73333e+11
8.73003e+11
8.72673e+11
8.72342e+11
8.72011e+11
8.71681e+11
8.7135e+11
8.71019e+11
8.70688e+11
8.70357e+11
8.70026e+11
8.69695e+11
8.69364e+11
8.69033e+11
8.68702e+11
8.6837e+11
8.68039e+11
8.67708e+11
8.67376e+11
8.67044e+11
8.66713e+11
8.66381e+11
8.66049e+11
8.65718e+11
8.65386e+11
8.65054e+11
8.64722e+11
8.6439e+11
8.64057e+11
8.63725e+11
8.63393e+11
8.63061e+11
8.62728e+11
8.62396e+11
8.62063e+11
8.61731e+11
8.61398e+11
8.61065e+11
8.60732e+11
8.604e+11
8.60067e+11
8.59734e+11
8.59401e+11
8.59068e+11
8.58734e+11
8.58401e+11
8.58068e+11
8.57734e+11
8.57401e+11
8.57068e+11
8.56734e+11
8.564e+11
8.56067e+11
8.55733e+11
8.55399e+11
8.55065e+11
8.54731e+11
8.54397e+11
8.54063e+11
8.53729e+11
8.53395e+11
8.53061e+11
8.52726e+11
8.52392e+11
8.52058e+11
8.51723e+11
8.51389e+11
8.51054e+11
8.50719e+11
8.50385e+11
8.5005e+11
8.49715e+11
8.4938e+11
8.49045e+11
8.4871e+11
8.48375e+11
8.4804e+11
8.47704e+11
8.47369e+11
8.47034e+11
8.46698e+11
8.46363e+11
8.46027e+11
8.45691e+11
8.45356e+11
8.4502e+11
8.44684e+11
8.44348e+11
8.44012e+11
8.43676e+11
8.4334e+11
8.43004e+11
8.42668e+11
8.42332e+11
8.41995e+11
8.41659e+11
8.41323e+11
8.40986e+11
8.40649e+11
8.40313e+11
8.39976e+11
8.39639e+11
8.39303e+11
8.38966e+11
8.38629e+11
8.38292e+11
8.37955e+11
8.37618e+11
8.3728e+11
8.36943e+11
8.36606e+11
8.36268e+11
8.35931e+11
8.35594e+11
8.35256e+11
8.34918e+11
8.34581e+11
8.34243e+11
8.33905e+11
8.33567e+11
8.33229e+11
8.32891e+11
8.32553e+11
8.32215e+11
8.31877e+11
8.31539e+11
8.312e+11
8.30862e+11
8.30524e+11
8.30185e+11
8.29847e+11
8.29508e+11
8.29169e+11
8.28831e+11
8.28492e+11
8.28153e+11
8.27814e+11
8.27475e+11
8.27136e+11
8.26797e+11
8.26458e+11
8.26119e+11
8.25779e+11
8.2544e+11
8.25101e+11
8.24761e+11
8.24422e+11
8.24082e+11
8.23742e+11
8.23403e+11
8.23063e+11
8.22723e+11
8.22383e+11
8.22043e+11
8.21703e+11
8.21363e+11
8.21023e+11
8.20683e+11
8.20343e+11
8.20002e+11
8.19662e+11
8.19321e+11
8.18981e+11
8.1864e+11
8.183e+11
8.17959e+11
8.17618e+11
8.17278e+11
8.16937e+11
8.16596e+11
8.16255e+11
8.15914e+11
8.15573e+11
8.15232e+11
8.1489e+11
8.14549e+11
8.14208e+11
8.13866e+11
8.13525e+11
8.13183e+11
8.12842e+11
8.125e+11
8.12158e+11
8.11817e+11
8.11475e+11
8.11133e+11
8.10791e+11
8.10449e+11
8.10107e+11
8.09765e+11
8.09423e+11
8.0908e+11
8.08738e+11
8.08396e+11
8.08053e+11
8.07711e+11
8.07368e+11
8.07026e+11
8.06683e+11
8.0634e+11
8.05997e+11
8.05655e+11
8.05312e+11
8.04969e+11
8.04626e+11
8.04283e+11
8.0394e+11
8.03596e+11
8.03253e+11
8.0291e+11
8.02566e+11
8.02223e+11
8.01879e+11
8.01536e+11
8.01192e+11
8.00849e+11
8.00505e+11
8.00161e+11
7.99817e+11
7.99473e+11
7.99129e+11
7.98785e+11
7.98441e+11
7.98097e+11
7.97753e+11
7.97409e+11
7.97064e+11
7.9672e+11
7.96375e+11
7.96031e+11
7.95686e+11
7.95342e+11
7.94997e+11
7.94652e+11
7.94308e+11
7.93963e+11
7.93618e+11
7.93273e+11
7.92928e+11
7.92583e+11
7.92238e+11
7.91892e+11
7.91547e+11
7.91202e+11
7.90856e+11
7.90511e+11
7.90166e+11
7.8982e+11
7.89474e+11
7.89129e+11
7.88783e+11
7.88437e+11
7.88091e+11
7.87745e+11
7.87399e+11
7.87053e+11
7.86707e+11
7.86361e+11
7.86015e+11
7.85669e+11
7.85322e+11
7.84976e+11
7.8463e+11
7.84283e+11
7.83937e+11
7.8359e+11
7.83243e+11
7.82897e+11
7.8255e+11
7.82203e+11
7.81856e+11
7.81509e+11
7.81162e+11
7.80815e+11
7.80468e+11
7.80121e+11
7.79774e+11
7.79426e+11
7.79079e+11
7.78731e+11
7.78384e+11
7.78036e+11
7.77689e+11
7.77341e+11
7.76994e+11
7.76646e+11
7.76298e+11
7.7595e+11
7.75602e+11
7.75254e+11
7.74906e+11
7.74558e+11
7.7421e+11
7.73862e+11
7.73513e+11
7.73165e+11
7.72817e+11
7.72468e+11
7.7212e+11
7.71771e+11
7.71422e+11
7.71074e+11
7.70725e+11
7.70376e+11
7.70027e+11
7.69679e+11
7.6933e+11
7.68981e+11
7.68631e+11
7.68282e+11
7.67933e+11
7.67584e+11
7.67235e+11
7.66885e+11
7.66536e+11
7.66186e+11
7.65837e+11
7.65487e+11
7.65138e+11
7.64788e+11
7.64438e+11
7.64088e+11
7.63738e+11
7.63389e+11
7.63039e+11
7.62689e+11
7.62338e+11
7.61988e+11
7.61638e+11
7.61288e+11
7.60938e+11
7.60587e+11
7.60237e+11
7.59886e+11
7.59536e+11
7.59185e+11
7.58834e+11
7.58484e+11
7.58133e+11
7.57782e+11
7.57431e+11
7.5708e+11
7.56729e+11
7.56378e+11
7.56027e+11
7.55676e+11
7.55325e+11
7.54973e+11
7.54622e+11
7.54271e+11
7.53919e+11
7.53568e+11
7.53216e+11
7.52865e+11
7.52513e+11
7.52161e+11
7.5181e+11
7.51458e+11
7.51106e+11
7.50754e+11
7.50402e+11
7.5005e+11
7.49698e+11
7.49346e+11
7.48993e+11
7.48641e+11
7.48289e+11
7.47936e+11
7.47584e+11
7.47231e+11
7.46879e+11
7.46526e+11
7.46174e+11
7.45821e+11
7.45468e+11
7.45115e+11
7.44762e+11
7.44409e+11
7.44056e+11
7.43703e+11
7.4335e+11
7.42997e+11
7.42644e+11
7.42291e+11
7.41937e+11
7.41584e+11
7.41231e+11
7.40877e+11
7.40524e+11
7.4017e+11
7.39816e+11
7.39463e+11
7.39109e+11
7.38755e+11
7.38401e+11
7.38047e+11
7.37693e+11
7.37339e+11
7.36985e+11
7.36631e+11
7.36277e+11
7.35922e+11
7.35568e+11
7.35214e+11
7.34859e+11
7.34505e+11
7.3415e+11
7.33796e+11
7.33441e+11
7.33087e+11
7.32732e+11
7.32377e+11
7.32022e+11
7.31667e+11
7.31312e+11
7.30957e+11
7.30602e+11
7.30247e+11
7.29892e+11
7.29537e+11
7.29181e+11
7.28826e+11
7.28471e+11
7.28115e+11
7.2776e+11
7.27404e+11
7.27049e+11
7.26693e+11
7.26337e+11
7.25981e+11
7.25626e+11
7.2527e+11
7.24914e+11
7.24558e+11
7.24202e+11
7.23846e+11
7.2349e+11
7.23133e+11
7.22777e+11
7.22421e+11
7.22064e+11
7.21708e+11
7.21352e+11
7.20995e+11
7.20639e+11
7.20282e+11
7.19925e+11
7.19568e+11
7.19212e+11
7.18855e+11
7.18498e+11
7.18141e+11
7.17784e+11
7.17427e+11
7.1707e+11
7.16713e+11
7.16356e+11
7.15998e+11
7.15641e+11
7.15284e+11
7.14926e+11
7.14569e+11
7.14211e+11
7.13854e+11
7.13496e+11
7.13138e+11
7.12781e+11
7.12423e+11
7.12065e+11
7.11707e+11
7.11349e+11
7.10991e+11
7.10633e+11
7.10275e+11
7.09917e+11
7.09559e+11
7.092e+11
7.08842e+11
7.08484e+11
7.08125e+11
7.07767e+11
7.07408e+11
7.0705e+11
7.06691e+11
7.06332e+11
7.05974e+11
7.05615e+11
7.05256e+11
7.04897e+11
7.04538e+11
7.04179e+11
7.0382e+11
7.03461e+11
7.03102e+11
7.02743e+11
7.02383e+11
7.02024e+11
7.01665e+11
7.01305e+11
7.00946e+11
7.00586e+11
7.00227e+11
6.99867e+11
6.99507e+11
6.99148e+11
6.98788e+11
6.98428e+11
6.98068e+11
6.97708e+11
6.97348e+11
6.96988e+11
6.96628e+11
6.96268e+11
6.95908e+11
6.95548e+11
6.95187e+11
6.94827e+11
6.94467e+11
6.94106e+11
6.93746e+11
6.93385e+11
6.93025e+11
6.92664e+11
6.92303e+11
6.91942e+11
6.91582e+11
6.91221e+11
6.9086e+11
6.90499e+11
6.90138e+11
6.89777e+11
6.89416e+11
6.89055e+11
6.88693e+11
6.88332e+11
6.87971e+11
6.87609e+11
6.87248e+11
6.86887e+11
6.86525e+11
6.86163e+11
6.85802e+11
6.8544e+11
6.85078e+11
6.84717e+11
6.84355e+11
6.83993e+11
6.83631e+11
6.83269e+11
6.82907e+11
6.82545e+11
6.82183e+11
6.81821e+11
6.81458e+11
6.81096e+11
6.80734e+11
6.80372e+11
6.80009e+11
6.79647e+11
6.79284e+11
6.78922e+11
6.78559e+11
6.78196e+11
6.77833e+11
6.77471e+11
6.77108e+11
6.76745e+11
6.76382e+11
6.76019e+11
6.75656e+11
6.75293e+11
6.7493e+11
6.74567e+11
6.74203e+11
6.7384e+11
6.73477e+11
6.73113e+11
6.7275e+11
6.72387e+11
6.72023e+11
6.71659e+11
6.71296e+11
6.70932e+11
6.70568e+11
6.70205e+11
6.69841e+11
6.69477e+11
6.69113e+11
6.68749e+11
6.68385e+11
6.68021e+11
6.67657e+11
6.67293e+11
6.66928e+11
6.66564e+11
6.662e+11
6.65835e+11
6.65471e+11
6.65107e+11
6.64742e+11
6.64377e+11
6.64013e+11
6.63648e+11
6.63283e+11
6.62919e+11
6.62554e+11
6.62189e+11
6.61824e+11
6.61459e+11
6.61094e+11
6.60729e+11
6.60364e+11
6.59999e+11
6.59634e+11
6.59268e+11
6.58903e+11
6.58538e+11
6.58172e+11
6.57807e+11
6.57441e+11
6.57076e+11
6.5671e+11
6.56345e+11
6.55979e+11
6.55613e+11
6.55247e+11
6.54882e+11
6.54516e+11
6.5415e+11
6.53784e+11
6.53418e+11
6.53052e+11
6.52686e+11
6.52319e+11
6.51953e+11
6.51587e+11
6.51221e+11
6.50854e+11
6.50488e+11
6.50121e+11
6.49755e+11
6.49388e+11
6.49022e+11
6.48655e+11
6.48288e+11
6.47922e+11
6.47555e+11
6.47188e+11
6.46821e+11
6.46454e+11
6.46087e+11
6.4572e+11
6.45353e+11
6.44986e+11
6.44619e+11
6.44251e+11
6.43884e+11
6.43517e+11
6.43149e+11
6.42782e+11
6.42415e+11
6.42047e+11
6.41679e+11
6.41312e+11
6.40944e+11
6.40576e+11
6.40209e+11
6.39841e+11
6.39473e+11
6.39105e+11
6.38737e+11
6.38369e+11
6.38001e+11
6.37633e+11
6.37265e+11
6.36897e+11
6.36529e+11
6.3616e+11
6.35792e+11
6.35424e+11
6.35055e+11
6.34687e+11
6.34318e+11
6.3395e+11
6.33581e+11
6.33212e+11
6.32844e+11
6.32475e+11
6.32106e+11
6.31737e+11
6.31369e+11
6.31e+11
6.30631e+11
6.30262e+11
6.29893e+11
6.29523e+11
6.29154e+11
6.28785e+11
6.28416e+11
6.28047e+11
6.27677e+11
6.27308e+11
6.26938e+11
6.26569e+11
6.26199e+11
6.2583e+11
6.2546e+11
6.2509e+11
6.24721e+11
6.24351e+11
6.23981e+11
6.23611e+11
6.23241e+11
6.22871e+11
6.22501e+11
6.22131e+11
6.21761e+11
6.21391e+11
6.21021e+11
6.20651e+11
6.2028e+11
6.1991e+11
6.1954e+11
6.19169e+11
6.18799e+11
6.18428e+11
6.18058e+11
6.17687e+11
6.17317e+11
6.16946e+11
6.16575e+11
6.16204e+11
6.15834e+11
6.15463e+11
6.15092e+11
6.14721e+11
6.1435e+11
6.13979e+11
6.13608e+11
6.13237e+11
6.12865e+11
6.12494e+11
6.12123e+11
6.11752e+11
6.1138e+11
6.11009e+11
6.10637e+11
6.10266e+11
6.09894e+11
6.09523e+11
6.09151e+11
6.08779e+11
6.08408e+11
6.08036e+11
6.07664e+11
6.07292e+11
6.0692e+11
6.06548e+11
6.06176e+11
6.05804e+11
6.05432e+11
6.0506e+11
6.04688e+11
6.04316e+11
6.03944e+11
6.03571e+11
6.03199e+11
6.02826e+11
6.02454e+11
6.02082e+11
6.01709e+11
6.01336e+11
6.00964e+11
6.00591e+11
6.00218e+11
5.99846e+11
5.99473e+11
5.991e+11
5.98727e+11
5.98354e+11
5.97981e+11
5.97608e+11
5.97235e+11
5.96862e+11
5.96489e+11
5.96116e+11
5.95742e+11
5.95369e+11
5.94996e+11
5.94622e+11
5.94249e+11
5.93876e+11
5.93502e+11
5.93129e+11
5.92755e+11
5.92381e+11
5.92008e+11
5.91634e+11
5.9126e+11
5.90886e+11
5.90512e+11
5.90139e+11
5.89765e+11
5.89391e+11
5.89017e+11
5.88643e+11
5.88268e+11
5.87894e+11
5.8752e+11
5.87146e+11
5.86771e+11
5.86397e+11
5.86023e+11
5.85648e+11
5.85274e+11
5.84899e+11
5.84525e+11
5.8415e+11
5.83776e+11
5.83401e+11
5.83026e+11
5.82651e+11
5.82277e+11
5.81902e+11
5.81527e+11
5.81152e+11
5.80777e+11
5.80402e+11
5.80027e+11
5.79652e+11
5.79277e+11
5.78901e+11
5.78526e+11
5.78151e+11
5.77776e+11
5.774e+11
5.77025e+11
5.76649e+11
5.76274e+11
5.75898e+11
5.75523e+11
5.75147e+11
5.74771e+11
5.74396e+11
5.7402e+11
5.73644e+11
5.73268e+11
5.72892e+11
5.72516e+11
5.72141e+11
5.71765e+11
5.71388e+11
5.71012e+11
5.70636e+11
5.7026e+11
5.69884e+11
5.69508e+11
5.69131e+11
5.68755e+11
5.68379e+11
5.68002e+11
5.67626e+11
5.67249e+11
5.66873e+11
5.66496e+11
5.66119e+11
5.65743e+11
5.65366e+11
5.64989e+11
5.64612e+11
5.64236e+11
5.63859e+11
5.63482e+11
5.63105e+11
5.62728e+11
5.62351e+11
5.61974e+11
5.61596e+11
5.61219e+11
5.60842e+11
5.60465e+11
5.60087e+11
5.5971e+11
5.59333e+11
5.58955e+11
5.58578e+11
5.582e+11
5.57823e+11
5.57445e+11
5.57068e+11
5.5669e+11
5.56312e+11
5.55934e+11
5.55557e+11
5.55179e+11
5.54801e+11
5.54423e+11
5.54045e+11
5.53667e+11
5.53289e+11
5.52911e+11
5.52533e+11
5.52155e+11
5.51776e+11
5.51398e+11
5.5102e+11
5.50641e+11
5.50263e+11
5.49885e+11
5.49506e+11
5.49128e+11
5.48749e+11
5.48371e+11
5.47992e+11
5.47613e+11
5.47235e+11
5.46856e+11
5.46477e+11
5.46098e+11
5.45719e+11
5.45341e+11
5.44962e+11
5.44583e+11
5.44204e+11
5.43825e+11
5.43445e+11
5.43066e+11
5.42687e+11
5.42308e+11
5.41929e+11
5.41549e+11
5.4117e+11
5.40791e+11
5.40411e+11
5.40032e+11
5.39652e+11
5.39273e+11
5.38893e+11
5.38513e+11
5.38134e+11
5.37754e+11
5.37374e+11
5.36995e+11
5.36615e+11
5.36235e+11
5.35855e+11
5.35475e+11
5.35095e+11
5.34715e+11
5.34335e+11
5.33955e+11
5.33575e+11
5.33195e+11
5.32814e+11
5.32434e+11
5.32054e+11
5.31673e+11
5.31293e+11
5.30913e+11
5.30532e+11
5.30152e+11
5.29771e+11
5.29391e+11
5.2901e+11
5.28629e+11
5.28249e+11
5.27868e+11
5.27487e+11
5.27106e+11
5.26726e+11
5.26345e+11
5.25964e+11
5.25583e+11
5.25202e+11
5.24821e+11
5.2444e+11
5.24059e+11
5.23677e+11
5.23296e+11
5.22915e+11
5.22534e+11
5.22152e+11
5.21771e+11
5.2139e+11
5.21008e+11
5.20627e+11
5.20245e+11
5.19864e+11
5.19482e+11
5.19101e+11
5.18719e+11
5.18337e+11
5.17955e+11
5.17574e+11
5.17192e+11
5.1681e+11
5.16428e+11
5.16046e+11
5.15664e+11
5.15282e+11
5.149e+11
5.14518e+11
5.14136e+11
5.13754e+11
5.13372e+11
5.12989e+11
5.12607e+11
5.12225e+11
5.11842e+11
5.1146e+11
5.11078e+11
5.10695e+11
5.10313e+11
5.0993e+11
5.09548e+11
5.09165e+11
5.08782e+11
5.084e+11
5.08017e+11
5.07634e+11
5.07251e+11
5.06869e+11
5.06486e+11
5.06103e+11
5.0572e+11
5.05337e+11
5.04954e+11
5.04571e+11
5.04188e+11
5.03805e+11
5.03421e+11
5.03038e+11
5.02655e+11
5.02272e+11
5.01888e+11
5.01505e+11
5.01122e+11
5.00738e+11
5.00355e+11
4.99971e+11
4.99588e+11
4.99204e+11
4.9882e+11
4.98437e+11
4.98053e+11
4.97669e+11
4.97286e+11
4.96902e+11
4.96518e+11
4.96134e+11
4.9575e+11
4.95366e+11
4.94982e+11
4.94598e+11
4.94214e+11
4.9383e+11
4.93446e+11
4.93062e+11
4.92678e+11
4.92293e+11
4.91909e+11
4.91525e+11
4.9114e+11
4.90756e+11
4.90372e+11
4.89987e+11
4.89603e+11
4.89218e+11
4.88834e+11
4.88449e+11
4.88064e+11
4.8768e+11
4.87295e+11
4.8691e+11
4.86525e+11
4.86141e+11
4.85756e+11
4.85371e+11
4.84986e+11
4.84601e+11
4.84216e+11
4.83831e+11
4.83446e+11
4.83061e+11
4.82676e+11
4.8229e+11
4.81905e+11
4.8152e+11
4.81135e+11
4.80749e+11
4.80364e+11
4.79979e+11
4.79593e+11
4.79208e+11
4.78822e+11
4.78437e+11
4.78051e+11
4.77666e+11
4.7728e+11
4.76894e+11
4.76509e+11
4.76123e+11
4.75737e+11
4.75351e+11
4.74965e+11
4.74579e+11
4.74194e+11
4.73808e+11
4.73422e+11
4.73036e+11
4.7265e+11
4.72263e+11
4.71877e+11
4.71491e+11
4.71105e+11
4.70719e+11
4.70332e+11
4.69946e+11
4.6956e+11
4.69173e+11
4.68787e+11
4.68401e+11
4.68014e+11
4.67628e+11
4.67241e+11
4.66854e+11
4.66468e+11
4.66081e+11
4.65695e+11
4.65308e+11
4.64921e+11
4.64534e+11
4.64147e+11
4.63761e+11
4.63374e+11
4.62987e+11
4.626e+11
4.62213e+11
4.61826e+11
4.61439e+11
4.61052e+11
4.60664e+11
4.60277e+11
4.5989e+11
4.59503e+11
4.59116e+11
4.58728e+11
4.58341e+11
4.57954e+11
4.57566e+11
4.57179e+11
4.56791e+11
4.56404e+11
4.56016e+11
4.55629e+11
4.55241e+11
4.54853e+11
4.54466e+11
4.54078e+11
4.5369e+11
4.53303e+11
4.52915e+11
4.52527e+11
4.52139e+11
4.51751e+11
4.51363e+11
4.50975e+11
4.50587e+11
4.50199e+11
4.49811e+11
4.49423e+11
4.49035e+11
4.48647e+11
4.48258e+11
4.4787e+11
4.47482e+11
4.47094e+11
4.46705e+11
4.46317e+11
4.45929e+11
4.4554e+11
4.45152e+11
4.44763e+11
4.44375e+11
4.43986e+11
4.43597e+11
4.43209e+11
4.4282e+11
4.42431e+11
4.42043e+11
4.41654e+11
4.41265e+11
4.40876e+11
4.40487e+11
4.40098e+11
4.3971e+11
4.39321e+11
4.38932e+11
4.38543e+11
4.38153e+11
4.37764e+11
4.37375e+11
4.36986e+11
4.36597e+11
4.36208e+11
4.35818e+11
4.35429e+11
4.3504e+11
4.3465e+11
4.34261e+11
4.33872e+11
4.33482e+11
4.33093e+11
4.32703e+11
4.32314e+11
4.31924e+11
4.31535e+11
4.31145e+11
4.30755e+11
4.30366e+11
4.29976e+11
4.29586e+11
4.29196e+11
4.28806e+11
4.28417e+11
4.28027e+11
4.27637e+11
4.27247e+11
4.26857e+11
4.26467e+11
4.26077e+11
4.25687e+11
4.25296e+11
4.24906e+11
4.24516e+11
4.24126e+11
4.23736e+11
4.23345e+11
4.22955e+11
4.22565e+11
4.22174e+11
4.21784e+11
4.21394e+11
4.21003e+11
4.20613e+11
4.20222e+11
4.19832e+11
4.19441e+11
4.1905e+11
4.1866e+11
4.18269e+11
4.17878e+11
4.17488e+11
4.17097e+11
4.16706e+11
4.16315e+11
4.15924e+11
4.15533e+11
4.15143e+11
4.14752e+11
4.14361e+11
4.1397e+11
4.13579e+11
4.13187e+11
4.12796e+11
4.12405e+11
4.12014e+11
4.11623e+11
4.11232e+11
4.1084e+11
4.10449e+11
4.10058e+11
4.09666e+11
4.09275e+11
4.08884e+11
4.08492e+11
4.08101e+11
4.07709e+11
4.07318e+11
4.06926e+11
4.06534e+11
4.06143e+11
4.05751e+11
4.0536e+11
4.04968e+11
4.04576e+11
4.04184e+11
4.03793e+11
4.03401e+11
4.03009e+11
4.02617e+11
4.02225e+11
4.01833e+11
4.01441e+11
4.01049e+11
4.00657e+11
4.00265e+11
3.99873e+11
3.99481e+11
3.99089e+11
3.98696e+11
3.98304e+11
3.97912e+11
3.9752e+11
3.97127e+11
3.96735e+11
3.96343e+11
3.9595e+11
3.95558e+11
3.95165e+11
3.94773e+11
3.9438e+11
3.93988e+11
3.93595e+11
3.93203e+11
3.9281e+11
3.92417e+11
3.92025e+11
3.91632e+11
3.91239e+11
3.90846e+11
3.90454e+11
3.90061e+11
3.89668e+11
3.89275e+11
3.88882e+11
3.88489e+11
3.88096e+11
3.87703e+11
3.8731e+11
3.86917e+11
3.86524e+11
3.86131e+11
3.85738e+11
3.85345e+11
3.84951e+11
3.84558e+11
3.84165e+11
3.83772e+11
3.83378e+11
3.82985e+11
3.82592e+11
3.82198e+11
3.81805e+11
3.81411e+11
3.81018e+11
3.80624e+11
3.80231e+11
3.79837e+11
3.79444e+11
3.7905e+11
3.78656e+11
3.78263e+11
3.77869e+11
3.77475e+11
3.77081e+11
3.76688e+11
3.76294e+11
3.759e+11
3.75506e+11
3.75112e+11
3.74718e+11
3.74324e+11
3.7393e+11
3.73536e+11
3.73142e+11
3.72748e+11
3.72354e+11
3.7196e+11
3.71566e+11
3.71171e+11
3.70777e+11
3.70383e+11
3.69989e+11
3.69594e+11
3.692e+11
3.68806e+11
3.68411e+11
3.68017e+11
3.67623e+11
3.67228e+11
3.66834e+11
3.66439e+11
3.66045e+11
3.6565e+11
3.65255e+11
3.64861e+11
3.64466e+11
3.64072e+11
3.63677e+11
3.63282e+11
3.62887e+11
3.62493e+11
3.62098e+11
3.61703e+11
3.61308e+11
3.60913e+11
3.60518e+11
3.60123e+11
3.59728e+11
3.59333e+11
3.58938e+11
3.58543e+11
3.58148e+11
3.57753e+11
3.57358e+11
3.56963e+11
3.56568e+11
3.56172e+11
3.55777e+11
3.55382e+11
3.54987e+11
3.54591e+11
3.54196e+11
3.53801e+11
3.53405e+11
3.5301e+11
3.52614e+11
3.52219e+11
3.51823e+11
3.51428e+11
3.51032e+11
3.50637e+11
3.50241e+11
3.49846e+11
3.4945e+11
3.49054e+11
3.48659e+11
3.48263e+11
3.47867e+11
3.47471e+11
3.47075e+11
3.4668e+11
3.46284e+11
3.45888e+11
3.45492e+11
3.45096e+11
3.447e+11
3.44304e+11
3.43908e+11
3.43512e+11
3.43116e+11
3.4272e+11
3.42324e+11
3.41928e+11
3.41532e+11
3.41135e+11
3.40739e+11
3.40343e+11
3.39947e+11
3.3955e+11
3.39154e+11
3.38758e+11
3.38361e+11
3.37965e+11
3.37569e+11
3.37172e+11
3.36776e+11
3.36379e+11
3.35983e+11
3.35586e+11
3.35189e+11
3.34793e+11
3.34396e+11
3.34e+11
3.33603e+11
3.33206e+11
3.3281e+11
3.32413e+11
3.32016e+11
3.31619e+11
3.31223e+11
3.30826e+11
3.30429e+11
3.30032e+11
3.29635e+11
3.29238e+11
3.28841e+11
3.28444e+11
3.28047e+11
3.2765e+11
3.27253e+11
3.26856e+11
3.26459e+11
3.26062e+11
3.25665e+11
3.25267e+11
3.2487e+11
3.24473e+11
3.24076e+11
3.23679e+11
3.23281e+11
3.22884e+11
3.22487e+11
3.22089e+11
3.21692e+11
3.21294e+11
3.20897e+11
3.20499e+11
3.20102e+11
3.19704e+11
3.19307e+11
3.18909e+11
3.18512e+11
3.18114e+11
3.17717e+11
3.17319e+11
3.16921e+11
3.16524e+11
3.16126e+11
3.15728e+11
3.1533e+11
3.14933e+11
3.14535e+11
3.14137e+11
3.13739e+11
3.13341e+11
3.12943e+11
3.12545e+11
3.12147e+11
3.11749e+11
3.11351e+11
3.10953e+11
3.10555e+11
3.10157e+11
3.09759e+11
3.09361e+11
3.08963e+11
3.08565e+11
3.08167e+11
3.07768e+11
3.0737e+11
3.06972e+11
3.06574e+11
3.06175e+11
3.05777e+11
3.05379e+11
3.0498e+11
3.04582e+11
3.04183e+11
3.03785e+11
3.03387e+11
3.02988e+11
3.0259e+11
3.02191e+11
3.01793e+11
3.01394e+11
3.00995e+11
3.00597e+11
3.00198e+11
2.998e+11
2.99401e+11
2.99002e+11
2.98603e+11
2.98205e+11
2.97806e+11
2.97407e+11
2.97008e+11
2.96609e+11
2.96211e+11
2.95812e+11
2.95413e+11
2.95014e+11
2.94615e+11
2.94216e+11
2.93817e+11
2.93418e+11
2.93019e+11
2.9262e+11
2.92221e+11
2.91822e+11
2.91423e+11
2.91024e+11
2.90624e+11
2.90225e+11
2.89826e+11
2.89427e+11
2.89028e+11
2.88628e+11
2.88229e+11
2.8783e+11
2.8743e+11
2.87031e+11
2.86632e+11
2.86232e+11
2.85833e+11
2.85433e+11
2.85034e+11
2.84634e+11
2.84235e+11
2.83835e+11
2.83436e+11
2.83036e+11
2.82637e+11
2.82237e+11
2.81838e+11
2.81438e+11
2.81038e+11
2.80639e+11
2.80239e+11
2.79839e+11
2.79439e+11
2.7904e+11
2.7864e+11
2.7824e+11
2.7784e+11
2.7744e+11
2.7704e+11
2.76641e+11
2.76241e+11
2.75841e+11
2.75441e+11
2.75041e+11
2.74641e+11
2.74241e+11
2.73841e+11
2.73441e+11
2.73041e+11
2.7264e+11
2.7224e+11
2.7184e+11
2.7144e+11
2.7104e+11
2.7064e+11
2.70239e+11
2.69839e+11
2.69439e+11
2.69039e+11
2.68638e+11
2.68238e+11
2.67838e+11
2.67437e+11
2.67037e+11
2.66637e+11
2.66236e+11
2.65836e+11
2.65435e+11
2.65035e+11
2.64634e+11
2.64234e+11
2.63833e+11
2.63433e+11
2.63032e+11
2.62632e+11
2.62231e+11
2.6183e+11
2.6143e+11
2.61029e+11
2.60628e+11
2.60228e+11
2.59827e+11
2.59426e+11
2.59025e+11
2.58625e+11
2.58224e+11
2.57823e+11
2.57422e+11
2.57021e+11
2.5662e+11
2.5622e+11
2.55819e+11
2.55418e+11
2.55017e+11
2.54616e+11
2.54215e+11
2.53814e+11
2.53413e+11
2.53012e+11
2.52611e+11
2.52209e+11
2.51808e+11
2.51407e+11
2.51006e+11
2.50605e+11
2.50204e+11
2.49803e+11
2.49401e+11
2.49e+11
2.48599e+11
2.48198e+11
2.47796e+11
2.47395e+11
2.46994e+11
2.46592e+11
2.46191e+11
2.4579e+11
2.45388e+11
2.44987e+11
2.44585e+11
2.44184e+11
2.43782e+11
2.43381e+11
2.42979e+11
2.42578e+11
2.42176e+11
2.41775e+11
2.41373e+11
2.40972e+11
2.4057e+11
2.40168e+11
2.39767e+11
2.39365e+11
2.38963e+11
2.38562e+11
2.3816e+11
2.37758e+11
2.37356e+11
2.36955e+11
2.36553e+11
2.36151e+11
2.35749e+11
2.35347e+11
2.34945e+11
2.34544e+11
2.34142e+11
2.3374e+11
2.33338e+11
2.32936e+11
2.32534e+11
2.32132e+11
2.3173e+11
2.31328e+11
2.30926e+11
2.30524e+11
2.30122e+11
2.2972e+11
2.29318e+11
2.28915e+11
2.28513e+11
2.28111e+11
2.27709e+11
2.27307e+11
2.26905e+11
2.26502e+11
2.261e+11
2.25698e+11
2.25296e+11
2.24893e+11
2.24491e+11
2.24089e+11
2.23686e+11
2.23284e+11
2.22882e+11
2.22479e+11
2.22077e+11
2.21674e+11
2.21272e+11
2.2087e+11
2.20467e+11
2.20065e+11
2.19662e+11
2.1926e+11
2.18857e+11
2.18454e+11
2.18052e+11
2.17649e+11
2.17247e+11
2.16844e+11
2.16441e+11
2.16039e+11
2.15636e+11
2.15233e+11
2.14831e+11
2.14428e+11
2.14025e+11
2.13623e+11
2.1322e+11
2.12817e+11
2.12414e+11
2.12011e+11
2.11609e+11
2.11206e+11
2.10803e+11
2.104e+11
2.09997e+11
2.09594e+11
2.09191e+11
2.08788e+11
2.08386e+11
2.07983e+11
2.0758e+11
2.07177e+11
2.06774e+11
2.06371e+11
2.05968e+11
2.05564e+11
2.05161e+11
2.04758e+11
2.04355e+11
2.03952e+11
2.03549e+11
2.03146e+11
2.02743e+11
2.02339e+11
2.01936e+11
2.01533e+11
2.0113e+11
2.00727e+11
2.00323e+11
1.9992e+11
1.99517e+11
1.99114e+11
1.9871e+11
1.98307e+11
1.97904e+11
1.975e+11
1.97097e+11
1.96693e+11
1.9629e+11
1.95887e+11
1.95483e+11
1.9508e+11
1.94676e+11
1.94273e+11
1.93869e+11
1.93466e+11
1.93062e+11
1.92659e+11
1.92255e+11
1.91852e+11
1.91448e+11
1.91045e+11
1.90641e+11
1.90237e+11
1.89834e+11
1.8943e+11
1.89026e+11
1.88623e+11
1.88219e+11
1.87815e+11
1.87412e+11
1.87008e+11
1.86604e+11
1.86201e+11
1.85797e+11
1.85393e+11
1.84989e+11
1.84585e+11
1.84182e+11
1.83778e+11
1.83374e+11
1.8297e+11
1.82566e+11
1.82162e+11
1.81758e+11
1.81354e+11
1.80951e+11
1.80547e+11
1.80143e+11
1.79739e+11
1.79335e+11
1.78931e+11
1.78527e+11
1.78123e+11
1.77719e+11
1.77315e+11
1.76911e+11
1.76506e+11
1.76102e+11
1.75698e+11
1.75294e+11
1.7489e+11
1.74486e+11
1.74082e+11
1.73678e+11
1.73273e+11
1.72869e+11
1.72465e+11
1.72061e+11
1.71657e+11
1.71252e+11
1.70848e+11
1.70444e+11
1.7004e+11
1.69635e+11
1.69231e+11
1.68827e+11
1.68422e+11
1.68018e+11
1.67614e+11
1.67209e+11
1.66805e+11
1.664e+11
1.65996e+11
1.65592e+11
1.65187e+11
1.64783e+11
1.64378e+11
1.63974e+11
1.63569e+11
1.63165e+11
1.6276e+11
1.62356e+11
1.61951e+11
1.61547e+11
1.61142e+11
1.60738e+11
1.60333e+11
1.59929e+11
1.59524e+11
1.59119e+11
1.58715e+11
1.5831e+11
1.57906e+11
1.57501e+11
1.57096e+11
1.56692e+11
1.56287e+11
1.55882e+11
1.55477e+11
1.55073e+11
1.54668e+11
1.54263e+11
1.53858e+11
1.53454e+11
1.53049e+11
1.52644e+11
1.52239e+11
1.51834e+11
1.5143e+11
1.51025e+11
1.5062e+11
1.50215e+11
1.4981e+11
1.49405e+11
1.49e+11
1.48596e+11
1.48191e+11
1.47786e+11
1.47381e+11
1.46976e+11
1.46571e+11
1.46166e+11
1.45761e+11
1.45356e+11
1.44951e+11
1.44546e+11
1.44141e+11
1.43736e+11
1.43331e+11
1.42926e+11
1.42521e+11
1.42116e+11
1.41711e+11
1.41305e+11
1.409e+11
1.40495e+11
1.4009e+11
1.39685e+11
1.3928e+11
1.38875e+11
1.3847e+11
1.38064e+11
1.37659e+11
1.37254e+11
1.36849e+11
1.36444e+11
1.36038e+11
1.35633e+11
1.35228e+11
1.34823e+11
1.34417e+11
1.34012e+11
1.33607e+11
1.33201e+11
1.32796e+11
1.32391e+11
1.31985e+11
1.3158e+11
1.31175e+11
1.30769e+11
1.30364e+11
1.29959e+11
1.29553e+11
1.29148e+11
1.28742e+11
1.28337e+11
1.27932e+11
1.27526e+11
1.27121e+11
1.26715e+11
1.2631e+11
1.25904e+11
1.25499e+11
1.25093e+11
1.24688e+11
1.24282e+11
1.23877e+11
1.23471e+11
1.23066e+11
1.2266e+11
1.22255e+11
1.21849e+11
1.21444e+11
1.21038e+11
1.20632e+11
1.20227e+11
1.19821e+11
1.19416e+11
1.1901e+11
1.18604e+11
1.18199e+11
1.17793e+11
1.17387e+11
1.16982e+11
1.16576e+11
1.1617e+11
1.15765e+11
1.15359e+11
1.14953e+11
1.14547e+11
1.14142e+11
1.13736e+11
1.1333e+11
1.12924e+11
1.12519e+11
1.12113e+11
1.11707e+11
1.11301e+11
1.10896e+11
1.1049e+11
1.10084e+11
1.09678e+11
1.09272e+11
1.08866e+11
1.08461e+11
1.08055e+11
1.07649e+11
1.07243e+11
1.06837e+11
1.06431e+11
1.06025e+11
1.05619e+11
1.05214e+11
1.04808e+11
1.04402e+11
1.03996e+11
1.0359e+11
1.03184e+11
1.02778e+11
1.02372e+11
1.01966e+11
1.0156e+11
1.01154e+11
1.00748e+11
1.00342e+11
9.9936e+10
9.953e+10
9.9124e+10
9.87179e+10
9.83119e+10
9.79058e+10
9.74998e+10
9.70937e+10
9.66877e+10
9.62816e+10
9.58755e+10
9.54694e+10
9.50633e+10
9.46572e+10
9.42511e+10
9.3845e+10
9.34389e+10
9.30327e+10
9.26266e+10
9.22205e+10
9.18143e+10
9.14082e+10
9.1002e+10
9.05958e+10
9.01896e+10
8.97835e+10
8.93773e+10
8.89711e+10
8.85649e+10
8.81587e+10
8.77524e+10
8.73462e+10
8.694e+10
8.65337e+10
8.61275e+10
8.57213e+10
8.5315e+10
8.49087e+10
8.45025e+10
8.40962e+10
8.36899e+10
8.32836e+10
8.28773e+10
8.2471e+10
8.20647e+10
8.16584e+10
8.12521e+10
8.08458e+10
8.04394e+10
8.00331e+10
7.96268e+10
7.92204e+10
7.88141e+10
7.84077e+10
7.80013e+10
7.7595e+10
7.71886e+10
7.67822e+10
7.63758e+10
7.59694e+10
7.5563e+10
7.51566e+10
7.47502e+10
7.43438e+10
7.39374e+10
7.3531e+10
7.31245e+10
7.27181e+10
7.23116e+10
7.19052e+10
7.14987e+10
7.10923e+10
7.06858e+10
7.02793e+10
6.98729e+10
6.94664e+10
6.90599e+10
6.86534e+10
6.82469e+10
6.78404e+10
6.74339e+10
6.70274e+10
6.66209e+10
6.62144e+10
6.58078e+10
6.54013e+10
6.49948e+10
6.45882e+10
6.41817e+10
6.37752e+10
6.33686e+10
6.2962e+10
6.25555e+10
6.21489e+10
6.17423e+10
6.13358e+10
6.09292e+10
6.05226e+10
6.0116e+10
5.97094e+10
5.93028e+10
5.88962e+10
5.84896e+10
5.8083e+10
5.76764e+10
5.72697e+10
5.68631e+10
5.64565e+10
5.60499e+10
5.56432e+10
5.52366e+10
5.48299e+10
5.44233e+10
5.40166e+10
5.361e+10
5.32033e+10
5.27966e+10
5.239e+10
5.19833e+10
5.15766e+10
5.11699e+10
5.07633e+10
5.03566e+10
4.99499e+10
4.95432e+10
4.91365e+10
4.87298e+10
4.83231e+10
4.79164e+10
4.75096e+10
4.71029e+10
4.66962e+10
4.62895e+10
4.58828e+10
4.5476e+10
4.50693e+10
4.46626e+10
4.42558e+10
4.38491e+10
4.34423e+10
4.30356e+10
4.26288e+10
4.22221e+10
4.18153e+10
4.14085e+10
4.10018e+10
4.0595e+10
4.01882e+10
3.97814e+10
3.93747e+10
3.89679e+10
3.85611e+10
3.81543e+10
3.77475e+10
3.73407e+10
3.69339e+10
3.65271e+10
3.61203e+10
3.57135e+10
3.53067e+10
3.48999e+10
3.44931e+10
3.40863e+10
3.36795e+10
3.32726e+10
3.28658e+10
3.2459e+10
3.20522e+10
3.16453e+10
3.12385e+10
3.08317e+10
3.04248e+10
3.0018e+10
2.96112e+10
2.92043e+10
2.87975e+10
2.83906e+10
2.79838e+10
2.75769e+10
2.71701e+10
2.67632e+10
2.63564e+10
2.59495e+10
2.55426e+10
2.51358e+10
2.47289e+10
2.43221e+10
2.39152e+10
2.35083e+10
2.31014e+10
2.26946e+10
2.22877e+10
2.18808e+10
2.14739e+10
2.10671e+10
2.06602e+10
2.02533e+10
1.98464e+10
1.94395e+10
1.90326e+10
1.86257e+10
1.82189e+10
1.7812e+10
1.74051e+10
1.69982e+10
1.65913e+10
1.61844e+10
1.57775e+10
1.53706e+10
1.49637e+10
1.45568e+10
1.41499e+10
1.3743e+10
1.33361e+10
1.29292e+10
1.25223e+10
1.21154e+10
1.17084e+10
1.13015e+10
1.08946e+10
1.04877e+10
1.00808e+10
9.6739e+09
9.26698e+09
8.86007e+09
8.45315e+09
8.04624e+09
7.63932e+09
7.23241e+09
6.82549e+09
6.41857e+09
6.01166e+09
5.60474e+09
5.19782e+09
4.7909e+09
4.38398e+09
3.97706e+09
3.57014e+09
3.16322e+09
2.7563e+09
2.34938e+09
1.94246e+09
1.53554e+09
1.12862e+09
7.21696e+08
3.14775e+08
-9.21465e+07
-4.99068e+08
-9.05989e+08
-1.31291e+09
-1.71983e+09
-2.12675e+09
-2.53367e+09
-2.94059e+09
-3.34751e+09
-3.75443e+09
-4.16135e+09
-4.56827e+09
-4.97519e+09
-5.38211e+09
-5.78903e+09
-6.19595e+09
-6.60286e+09
-7.00978e+09
-7.4167e+09
-7.82361e+09
-8.23053e+09
-8.63744e+09
-9.04436e+09
-9.45127e+09
-9.85818e+09
-1.02651e+10
-1.0672e+10
-1.10789e+10
-1.14858e+10
-1.18927e+10
-1.22996e+10
-1.27066e+10
-1.31135e+10
-1.35204e+10
-1.39273e+10
-1.43342e+10
-1.47411e+10
-1.5148e+10
-1.55549e+10
-1.59618e+10
-1.63687e+10
-1.67756e+10
-1.71825e+10
-1.75894e+10
-1.79962e+10
-1.84031e+10
-1.881e+10
-1.92169e+10
-1.96238e+10
-2.00307e+10
-2.04376e+10
-2.08445e+10
-2.12513e+10
-2.16582e+10
-2.20651e+10
-2.2472e+10
-2.28788e+10
-2.32857e+10
-2.36926e+10
-2.40995e+10
-2.45063e+10
-2.49132e+10
-2.53201e+10
-2.57269e+10
-2.61338e+10
-2.65406e+10
-2.69475e+10
-2.73543e+10
-2.77612e+10
-2.8168e+10
-2.85749e+10
-2.89817e+10
-2.93886e+10
-2.97954e+10
-3.02023e+10
-3.06091e+10
-3.10159e+10
-3.14228e+10
-3.18296e+10
-3.22364e+10
-3.26433e+10
-3.30501e+10
-3.34569e+10
-3.38637e+10
-3.42705e+10
-3.46773e+10
-3.50842e+10
-3.5491e+10
-3.58978e+10
-3.63046e+10
-3.67114e+10
-3.71182e+10
-3.7525e+10
-3.79318e+10
-3.83385e+10
-3.87453e+10
-3.91521e+10
-3.95589e+10
-3.99657e+10
-4.03724e+10
-4.07792e+10
-4.1186e+10
-4.15928e+10
-4.19995e+10
-4.24063e+10
-4.2813e+10
-4.32198e+10
-4.36265e+10
-4.40333e+10
-4.444e+10
-4.48468e+10
-4.52535e+10
-4.56602e+10
-4.6067e+10
-4.64737e+10
-4.68804e+10
-4.72871e+10
-4.76938e+10
-4.81006e+10
-4.85073e+10
-4.8914e+10
-4.93207e+10
-4.97274e+10
-5.01341e+10
-5.05408e+10
-5.09474e+10
-5.13541e+10
-5.17608e+10
-5.21675e+10
-5.25742e+10
-5.29808e+10
-5.33875e+10
-5.37941e+10
-5.42008e+10
-5.46075e+10
-5.50141e+10
-5.54207e+10
-5.58274e+10
-5.6234e+10
-5.66407e+10
-5.70473e+10
-5.74539e+10
-5.78605e+10
-5.82671e+10
-5.86737e+10
-5.90804e+10
-5.9487e+10
-5.98936e+10
-6.03001e+10
-6.07067e+10
-6.11133e+10
-6.15199e+10
-6.19265e+10
-6.2333e+10
-6.27396e+10
-6.31462e+10
-6.35527e+10
-6.39593e+10
-6.43658e+10
-6.47724e+10
-6.51789e+10
-6.55854e+10
-6.5992e+10
-6.63985e+10
-6.6805e+10
-6.72115e+10
-6.7618e+10
-6.80245e+10
-6.8431e+10
-6.88375e+10
-6.9244e+10
-6.96505e+10
-7.0057e+10
-7.04634e+10
-7.08699e+10
-7.12764e+10
-7.16828e+10
-7.20893e+10
-7.24957e+10
-7.29022e+10
-7.33086e+10
-7.3715e+10
-7.41214e+10
-7.45279e+10
-7.49343e+10
-7.53407e+10
-7.57471e+10
-7.61535e+10
-7.65599e+10
-7.69663e+10
-7.73726e+10
-7.7779e+10
-7.81854e+10
-7.85917e+10
-7.89981e+10
-7.94045e+10
-7.98108e+10
-8.02171e+10
-8.06235e+10
-8.10298e+10
-8.14361e+10
-8.18424e+10
-8.22487e+10
-8.2655e+10
-8.30613e+10
-8.34676e+10
-8.38739e+10
-8.42802e+10
-8.46865e+10
-8.50927e+10
-8.5499e+10
-8.59052e+10
-8.63115e+10
-8.67177e+10
-8.7124e+10
-8.75302e+10
-8.79364e+10
-8.83426e+10
-8.87488e+10
-8.9155e+10
-8.95612e+10
-8.99674e+10
-9.03736e+10
-9.07798e+10
-9.11859e+10
-9.15921e+10
-9.19983e+10
-9.24044e+10
-9.28105e+10
-9.32167e+10
-9.36228e+10
-9.40289e+10
-9.4435e+10
-9.48411e+10
-9.52472e+10
-9.56533e+10
-9.60594e+10
-9.64655e+10
-9.68716e+10
-9.72776e+10
-9.76837e+10
-9.80897e+10
-9.84958e+10
-9.89018e+10
-9.93078e+10
-9.97139e+10
-1.0012e+11
-1.00526e+11
-1.00932e+11
-1.01338e+11
-1.01744e+11
-1.0215e+11
-1.02556e+11
-1.02962e+11
-1.03368e+11
-1.03774e+11
-1.0418e+11
-1.04586e+11
-1.04991e+11
-1.05397e+11
-1.05803e+11
-1.06209e+11
-1.06615e+11
-1.07021e+11
-1.07427e+11
-1.07833e+11
-1.08239e+11
-1.08644e+11
-1.0905e+11
-1.09456e+11
-1.09862e+11
-1.10268e+11
-1.10674e+11
-1.11079e+11
-1.11485e+11
-1.11891e+11
-1.12297e+11
-1.12702e+11
-1.13108e+11
-1.13514e+11
-1.1392e+11
-1.14325e+11
-1.14731e+11
-1.15137e+11
-1.15543e+11
-1.15948e+11
-1.16354e+11
-1.1676e+11
-1.17165e+11
-1.17571e+11
-1.17977e+11
-1.18382e+11
-1.18788e+11
-1.19194e+11
-1.19599e+11
-1.20005e+11
-1.2041e+11
-1.20816e+11
-1.21222e+11
-1.21627e+11
-1.22033e+11
-1.22438e+11
-1.22844e+11
-1.23249e+11
-1.23655e+11
-1.2406e+11
-1.24466e+11
-1.24871e+11
-1.25277e+11
-1.25682e+11
-1.26088e+11
-1.26493e+11
-1.26899e+11
-1.27304e+11
-1.2771e+11
-1.28115e+11
-1.28521e+11
-1.28926e+11
-1.29331e+11
-1.29737e+11
-1.30142e+11
-1.30548e+11
-1.30953e+11
-1.31358e+11
-1.31764e+11
-1.32169e+11
-1.32574e+11
-1.3298e+11
-1.33385e+11
-1.3379e+11
-1.34196e+11
-1.34601e+11
-1.35006e+11
-1.35411e+11
-1.35817e+11
-1.36222e+11
-1.36627e+11
-1.37032e+11
-1.37437e+11
-1.37843e+11
-1.38248e+11
-1.38653e+11
-1.39058e+11
-1.39463e+11
-1.39868e+11
-1.40274e+11
-1.40679e+11
-1.41084e+11
-1.41489e+11
-1.41894e+11
-1.42299e+11
-1.42704e+11
-1.43109e+11
-1.43514e+11
-1.43919e+11
-1.44324e+11
-1.44729e+11
-1.45134e+11
-1.45539e+11
-1.45944e+11
-1.46349e+11
-1.46754e+11
-1.47159e+11
-1.47564e+11
-1.47969e+11
-1.48374e+11
-1.48779e+11
-1.49184e+11
-1.49589e+11
-1.49994e+11
-1.50398e+11
-1.50803e+11
-1.51208e+11
-1.51613e+11
-1.52018e+11
-1.52423e+11
-1.52827e+11
-1.53232e+11
-1.53637e+11
-1.54042e+11
-1.54447e+11
-1.54851e+11
-1.55256e+11
-1.55661e+11
-1.56065e+11
-1.5647e+11
-1.56875e+11
-1.57279e+11
-1.57684e+11
-1.58089e+11
-1.58493e+11
-1.58898e+11
-1.59303e+11
-1.59707e+11
-1.60112e+11
-1.60516e+11
-1.60921e+11
-1.61326e+11
-1.6173e+11
-1.62135e+11
-1.62539e+11
-1.62944e+11
-1.63348e+11
-1.63753e+11
-1.64157e+11
-1.64562e+11
-1.64966e+11
-1.6537e+11
-1.65775e+11
-1.66179e+11
-1.66584e+11
-1.66988e+11
-1.67392e+11
-1.67797e+11
-1.68201e+11
-1.68605e+11
-1.6901e+11
-1.69414e+11
-1.69818e+11
-1.70223e+11
-1.70627e+11
-1.71031e+11
-1.71435e+11
-1.7184e+11
-1.72244e+11
-1.72648e+11
-1.73052e+11
-1.73456e+11
-1.73861e+11
-1.74265e+11
-1.74669e+11
-1.75073e+11
-1.75477e+11
-1.75881e+11
-1.76285e+11
-1.76689e+11
-1.77094e+11
-1.77498e+11
-1.77902e+11
-1.78306e+11
-1.7871e+11
-1.79114e+11
-1.79518e+11
-1.79922e+11
-1.80326e+11
-1.8073e+11
-1.81133e+11
-1.81537e+11
-1.81941e+11
-1.82345e+11
-1.82749e+11
-1.83153e+11
-1.83557e+11
-1.83961e+11
-1.84364e+11
-1.84768e+11
-1.85172e+11
-1.85576e+11
-1.8598e+11
-1.86383e+11
-1.86787e+11
-1.87191e+11
-1.87595e+11
-1.87998e+11
-1.88402e+11
-1.88806e+11
-1.89209e+11
-1.89613e+11
-1.90017e+11
-1.9042e+11
-1.90824e+11
-1.91227e+11
-1.91631e+11
-1.92035e+11
-1.92438e+11
-1.92842e+11
-1.93245e+11
-1.93649e+11
-1.94052e+11
-1.94456e+11
-1.94859e+11
-1.95263e+11
-1.95666e+11
-1.96069e+11
-1.96473e+11
-1.96876e+11
-1.9728e+11
-1.97683e+11
-1.98086e+11
-1.9849e+11
-1.98893e+11
-1.99296e+11
