1.29598e+09
2.59187e+09
3.88757e+09
5.18298e+09
6.478e+09
7.77255e+09
9.06652e+09
1.03598e+10
1.16524e+10
1.2944e+10
1.42347e+10
1.55244e+10
1.68129e+10
1.81002e+10
1.93861e+10
2.06706e+10
2.19536e+10
2.32349e+10
2.45145e+10
2.57924e+10
2.70683e+10
2.83422e+10
2.9614e+10
3.08836e+10
3.21509e+10
3.34159e+10
3.46784e+10
3.59383e+10
3.71956e+10
3.84501e+10
3.97018e+10
4.09505e+10
4.21963e+10
4.34389e+10
4.46783e+10
4.59144e+10
4.71471e+10
4.83763e+10
4.9602e+10
5.0824e+10
5.20422e+10
5.32566e+10
5.44671e+10
5.56736e+10
5.68759e+10
5.80741e+10
5.92679e+10
6.04574e+10
6.16425e+10
6.2823e+10
6.39989e+10
6.517e+10
6.63364e+10
6.74979e+10
6.86544e+10
6.98058e+10
7.09521e+10
7.20932e+10
7.32289e+10
7.43593e+10
7.54842e+10
7.66036e+10
7.77173e+10
7.88253e+10
7.99276e+10
8.10239e+10
8.21143e+10
8.31986e+10
8.42769e+10
8.53489e+10
8.64147e+10
8.74741e+10
8.85272e+10
8.95737e+10
9.06136e+10
9.16469e+10
9.26735e+10
9.36933e+10
9.47062e+10
9.57122e+10
9.67112e+10
9.77031e+10
9.86878e+10
9.96653e+10
1.00635e+11
1.01598e+11
1.02554e+11
1.03502e+11
1.04442e+11
1.05375e+11
1.063e+11
1.07217e+11
1.08126e+11
1.09028e+11
1.09921e+11
1.10807e+11
1.11684e+11
1.12554e+11
1.13415e+11
1.14267e+11
1.15112e+11
1.15948e+11
1.16776e+11
1.17595e+11
1.18405e+11
1.19207e+11
1.20001e+11
1.20785e+11
1.21561e+11
1.22328e+11
1.23086e+11
1.23835e+11
1.24575e+11
1.25306e+11
1.26028e+11
1.26741e+11
1.27444e+11
1.28139e+11
1.28824e+11
1.295e+11
1.30166e+11
1.30823e+11
1.3147e+11
1.32108e+11
1.32737e+11
1.33355e+11
1.33965e+11
1.34564e+11
1.35154e+11
1.35734e+11
1.36304e+11
1.36864e+11
1.37414e+11
1.37955e+11
1.38486e+11
1.39006e+11
1.39517e+11
1.40017e+11
1.40508e+11
1.40988e+11
1.41458e+11
1.41918e+11
1.42368e+11
1.42807e+11
1.43236e+11
1.43655e+11
1.44064e+11
1.44462e+11
1.4485e+11
1.45228e+11
1.45595e+11
1.45951e+11
1.46298e+11
1.46633e+11
1.46958e+11
1.47273e+11
1.47577e+11
1.47871e+11
1.48154e+11
1.48426e+11
1.48688e+11
1.48939e+11
1.4918e+11
1.4941e+11
1.49629e+11
1.49837e+11
1.50035e+11
1.50222e+11
1.50399e+11
1.50564e+11
1.50719e+11
1.50864e+11
1.50997e+11
1.5112e+11
1.51232e+11
1.51333e+11
1.51424e+11
1.51503e+11
1.51572e+11
1.51631e+11
1.51678e+11
1.51715e+11
1.51741e+11
1.51756e+11
1.5176e+11
1.51754e+11
1.51737e+11
1.51709e+11
1.51671e+11
1.51621e+11
1.51561e+11
1.51491e+11
1.51409e+11
1.51317e+11
1.51214e+11
1.51101e+11
1.50977e+11
1.50842e+11
1.50697e+11
1.5054e+11
1.50374e+11
1.50197e+11
1.50009e+11
1.4981e+11
1.49601e+11
1.49382e+11
1.49152e+11
1.48912e+11
1.48661e+11
1.48399e+11
1.48128e+11
1.47845e+11
1.47553e+11
1.4725e+11
1.46937e+11
1.46613e+11
1.4628e+11
1.45936e+11
1.45581e+11
1.45217e+11
1.44842e+11
1.44458e+11
1.44063e+11
1.43658e+11
1.43243e+11
1.42818e+11
1.42383e+11
1.41938e+11
1.41483e+11
1.41019e+11
1.40544e+11
1.4006e+11
1.39566e+11
1.39062e+11
1.38549e+11
1.38026e+11
1.37493e+11
1.36951e+11
1.36399e+11
1.35838e+11
1.35267e+11
1.34687e+11
1.34098e+11
1.33499e+11
1.32891e+11
1.32274e+11
1.31647e+11
1.31012e+11
1.30367e+11
1.29713e+11
1.29051e+11
1.28379e+11
1.27699e+11
1.27009e+11
1.26311e+11
1.25604e+11
1.24889e+11
1.24165e+11
1.23432e+11
1.22691e+11
1.21941e+11
1.21183e+11
1.20416e+11
1.19641e+11
1.18858e+11
1.18067e+11
1.17267e+11
1.1646e+11
1.15644e+11
1.14821e+11
1.13989e+11
1.1315e+11
1.12303e+11
1.11448e+11
1.10585e+11
1.09715e+11
1.08838e+11
1.07953e+11
1.0706e+11
1.0616e+11
1.05253e+11
1.04338e+11
1.03417e+11
1.02488e+11
1.01552e+11
1.0061e+11
9.96601e+10
9.87036e+10
9.77404e+10
9.67704e+10
9.57939e+10
9.48108e+10
9.38211e+10
9.28251e+10
9.18227e+10
9.0814e+10
8.97991e+10
8.8778e+10
8.77509e+10
8.67178e+10
8.56787e+10
8.46338e+10
8.3583e+10
8.25266e+10
8.14645e+10
8.03969e+10
7.93238e+10
7.82452e+10
7.71613e+10
7.60722e+10
7.49778e+10
7.38784e+10
7.27738e+10
7.16644e+10
7.055e+10
6.94308e+10
6.83069e+10
6.71783e+10
6.60451e+10
6.49075e+10
6.37654e+10
6.2619e+10
6.14683e+10
6.03134e+10
5.91544e+10
5.79914e+10
5.68244e+10
5.56536e+10
5.44789e+10
5.33006e+10
5.21186e+10
5.09331e+10
4.97441e+10
4.85518e+10
4.73561e+10
4.61572e+10
4.49552e+10
4.37501e+10
4.2542e+10
4.13311e+10
4.01173e+10
3.89008e+10
3.76817e+10
3.646e+10
3.52358e+10
3.40092e+10
3.27803e+10
3.15492e+10
3.0316e+10
2.90806e+10
2.78434e+10
2.66042e+10
2.53632e+10
2.41205e+10
2.28761e+10
2.16302e+10
2.03828e+10
1.91341e+10
1.7884e+10
1.66328e+10
1.53804e+10
1.41269e+10
1.28725e+10
1.16172e+10
1.03612e+10
9.1044e+09
7.84701e+09
6.58909e+09
5.33072e+09
4.07199e+09
2.81298e+09
1.55379e+09
2.94483e+08
-9.6484e+08
-2.2241e+09
-3.4832e+09
-4.74207e+09
-6.00062e+09
-7.25876e+09
-8.51641e+09
-9.77348e+09
-1.10299e+10
-1.22855e+10
-1.35404e+10
-1.47943e+10
-1.60472e+10
-1.7299e+10
-1.85496e+10
-1.9799e+10
-2.1047e+10
-2.22936e+10
-2.35387e+10
-2.47822e+10
-2.6024e+10
-2.7264e+10
-2.85022e+10
-2.97385e+10
-3.09727e+10
-3.22048e+10
-3.34348e+10
-3.46624e+10
-3.58877e+10
-3.71106e+10
-3.8331e+10
-3.95487e+10
-4.07637e+10
-4.1976e+10
-4.31855e+10
-4.43919e+10
-4.55954e+10
-4.67958e+10
-4.7993e+10
-4.91869e+10
-5.03775e+10
-5.15646e+10
-5.27482e+10
-5.39283e+10
-5.51047e+10
-5.62773e+10
-5.74461e+10
-5.8611e+10
-5.97719e+10
-6.09287e+10
-6.20813e+10
-6.32298e+10
-6.43739e+10
-6.55136e+10
-6.66489e+10
-6.77796e+10
-6.89057e+10
-7.00272e+10
-7.11438e+10
-7.22556e+10
-7.33624e+10
-7.44643e+10
-7.5561e+10
-7.66526e+10
-7.7739e+10
-7.882e+10
-7.98957e+10
-8.09659e+10
-8.20306e+10
-8.30897e+10
-8.41431e+10
-8.51907e+10
-8.62325e+10
-8.72685e+10
-8.82984e+10
-8.93223e+10
-9.03401e+10
-9.13517e+10
-9.23571e+10
-9.33561e+10
-9.43487e+10
-9.53349e+10
-9.63145e+10
-9.72876e+10
-9.8254e+10
-9.92136e+10
-1.00166e+11
-1.01112e+11
-1.02051e+11
-1.02983e+11
-1.03908e+11
-1.04826e+11
-1.05737e+11
-1.0664e+11
-1.07536e+11
-1.08425e+11
-1.09306e+11
-1.10179e+11
-1.11046e+11
-1.11904e+11
-1.12755e+11
-1.13598e+11
-1.14433e+11
-1.1526e+11
-1.16079e+11
-1.16891e+11
-1.17694e+11
-1.18489e+11
-1.19276e+11
-1.20055e+11
-1.20825e+11
-1.21587e+11
-1.22341e+11
-1.23086e+11
-1.23823e+11
-1.24551e+11
-1.25271e+11
-1.25982e+11
-1.26684e+11
-1.27377e+11
-1.28062e+11
-1.28738e+11
-1.29405e+11
-1.30063e+11
-1.30711e+11
-1.31351e+11
-1.31982e+11
-1.32603e+11
-1.33216e+11
-1.33819e+11
-1.34413e+11
-1.34997e+11
-1.35572e+11
-1.36138e+11
-1.36694e+11
-1.37241e+11
-1.37778e+11
-1.38306e+11
-1.38823e+11
-1.39332e+11
-1.3983e+11
-1.40319e+11
-1.40798e+11
-1.41267e+11
-1.41727e+11
-1.42176e+11
-1.42616e+11
-1.43045e+11
-1.43465e+11
-1.43875e+11
-1.44274e+11
-1.44664e+11
-1.45043e+11
-1.45412e+11
-1.45771e+11
-1.4612e+11
-1.46459e+11
-1.46787e+11
-1.47105e+11
-1.47413e+11
-1.4771e+11
-1.47997e+11
-1.48274e+11
-1.4854e+11
-1.48796e+11
-1.49041e+11
-1.49276e+11
-1.495e+11
-1.49714e+11
-1.49917e+11
-1.5011e+11
-1.50292e+11
-1.50464e+11
-1.50625e+11
-1.50775e+11
-1.50915e+11
-1.51044e+11
-1.51163e+11
-1.5127e+11
-1.51367e+11
-1.51454e+11
-1.5153e+11
-1.51595e+11
-1.51649e+11
-1.51693e+11
-1.51725e+11
-1.51747e+11
-1.51759e+11
-1.51759e+11
-1.51749e+11
-1.51728e+11
-1.51697e+11
-1.51654e+11
-1.51601e+11
-1.51537e+11
-1.51462e+11
-1.51377e+11
-1.51281e+11
-1.51174e+11
-1.51056e+11
-1.50927e+11
-1.50788e+11
-1.50638e+11
-1.50478e+11
-1.50306e+11
-1.50124e+11
-1.49931e+11
-1.49728e+11
-1.49513e+11
-1.49289e+11
-1.49053e+11
-1.48807e+11
-1.4855e+11
-1.48283e+11
-1.48005e+11
-1.47716e+11
-1.47417e+11
-1.47107e+11
-1.46787e+11
-1.46456e+11
-1.46115e+11
-1.45763e+11
-1.45401e+11
-1.45028e+11
-1.44645e+11
-1.44252e+11
-1.43848e+11
-1.43434e+11
-1.43009e+11
-1.42574e+11
-1.4213e+11
-1.41674e+11
-1.41209e+11
-1.40733e+11
-1.40248e+11
-1.39752e+11
-1.39246e+11
-1.3873e+11
-1.38204e+11
-1.37668e+11
-1.37123e+11
-1.36567e+11
-1.36001e+11
-1.35426e+11
-1.34841e+11
-1.34246e+11
-1.33641e+11
-1.33027e+11
-1.32403e+11
-1.3177e+11
-1.31127e+11
-1.30474e+11
-1.29812e+11
-1.29141e+11
-1.2846e+11
-1.2777e+11
-1.27071e+11
-1.26363e+11
-1.25645e+11
-1.24918e+11
-1.24182e+11
-1.23437e+11
-1.22683e+11
-1.21921e+11
-1.21149e+11
-1.20369e+11
-1.19579e+11
-1.18781e+11
-1.17975e+11
-1.1716e+11
-1.16336e+11
-1.15504e+11
-1.14663e+11
-1.13815e+11
-1.12957e+11
-1.12092e+11
-1.11218e+11
-1.10336e+11
-1.09447e+11
-1.08549e+11
-1.07643e+11
-1.0673e+11
-1.05808e+11
-1.04879e+11
-1.03942e+11
-1.02998e+11
-1.02046e+11
-1.01087e+11
-1.0012e+11
-9.91458e+10
-9.81645e+10
-9.71759e+10
-9.61803e+10
-9.51776e+10
-9.41679e+10
-9.31513e+10
-9.21279e+10
-9.10977e+10
-9.00609e+10
-8.90174e+10
-8.79674e+10
-8.6911e+10
-8.58482e+10
-8.4779e+10
-8.37037e+10
-8.26222e+10
-8.15346e+10
-8.0441e+10
-7.93416e+10
-7.82362e+10
-7.71252e+10
-7.60084e+10
-7.48861e+10
-7.37583e+10
-7.2625e+10
-7.14864e+10
-7.03425e+10
-6.91935e+10
-6.80394e+10
-6.68802e+10
-6.57161e+10
-6.45472e+10
-6.33735e+10
-6.21952e+10
-6.10122e+10
-5.98248e+10
-5.8633e+10
-5.74368e+10
-5.62364e+10
-5.50318e+10
-5.38232e+10
-5.26107e+10
-5.13942e+10
-5.01739e+10
-4.895e+10
-4.77224e+10
-4.64913e+10
-4.52568e+10
-4.40189e+10
-4.27778e+10
-4.15335e+10
-4.02862e+10
-3.90359e+10
-3.77827e+10
-3.65267e+10
-3.5268e+10
-3.40067e+10
-3.27428e+10
-3.14766e+10
-3.0208e+10
-2.89372e+10
-2.76643e+10
-2.63893e+10
-2.51124e+10
-2.38336e+10
-2.2553e+10
-2.12708e+10
-1.9987e+10
-1.87018e+10
-1.74151e+10
-1.61272e+10
-1.4838e+10
-1.35478e+10
-1.22566e+10
-1.09644e+10
-9.67146e+09
-8.37779e+09
-7.08351e+09
-5.78869e+09
-4.49345e+09
-3.19788e+09
-1.90207e+09
-6.06116e+08
6.8988e+08
1.98583e+09
3.28162e+09
4.57718e+09
5.8724e+09
7.16718e+09
8.46143e+09
9.75505e+09
1.1048e+10
1.234e+10
1.36312e+10
1.49214e+10
1.62104e+10
1.74983e+10
1.87849e+10
2.00701e+10
2.13538e+10
2.26359e+10
2.39163e+10
2.5195e+10
2.64718e+10
2.77466e+10
2.90194e+10
3.02901e+10
3.15585e+10
3.28246e+10
3.40883e+10
3.53494e+10
3.66079e+10
3.78637e+10
3.91168e+10
4.03669e+10
4.1614e+10
4.28581e+10
4.4099e+10
4.53367e+10
4.6571e+10
4.78019e+10
4.90292e+10
5.02529e+10
5.14729e+10
5.26892e+10
5.39015e+10
5.51098e+10
5.63141e+10
5.75142e+10
5.87101e+10
5.99017e+10
6.10888e+10
6.22715e+10
6.34495e+10
6.46229e+10
6.57915e+10
6.69553e+10
6.81141e+10
6.92679e+10
7.04166e+10
7.15602e+10
7.26984e+10
7.38313e+10
7.49588e+10
7.60808e+10
7.71972e+10
7.83079e+10
7.94128e+10
8.05119e+10
8.16051e+10
8.26923e+10
8.37734e+10
8.48483e+10
8.5917e+10
8.69795e+10
8.80355e+10
8.90851e+10
9.01281e+10
9.11645e+10
9.21942e+10
9.32172e+10
9.42334e+10
9.52426e+10
9.62448e+10
9.72401e+10
9.82281e+10
9.9209e+10
1.00183e+11
1.01149e+11
1.02108e+11
1.03059e+11
1.04003e+11
1.04939e+11
1.05868e+11
1.06789e+11
1.07702e+11
1.08607e+11
1.09504e+11
1.10394e+11
1.11275e+11
1.12148e+11
1.13013e+11
1.1387e+11
1.14718e+11
1.15558e+11
1.1639e+11
1.17213e+11
1.18027e+11
1.18833e+11
1.19631e+11
1.20419e+11
1.21199e+11
1.2197e+11
1.22732e+11
1.23486e+11
1.2423e+11
1.24965e+11
1.25692e+11
1.26409e+11
1.27117e+11
1.27815e+11
1.28505e+11
1.29185e+11
1.29855e+11
1.30517e+11
1.31169e+11
1.31811e+11
1.32444e+11
1.33067e+11
1.33681e+11
1.34285e+11
1.34879e+11
1.35464e+11
1.36038e+11
1.36603e+11
1.37158e+11
1.37703e+11
1.38239e+11
1.38764e+11
1.39279e+11
1.39784e+11
1.40279e+11
1.40764e+11
1.41239e+11
1.41704e+11
1.42159e+11
1.42603e+11
1.43037e+11
1.43461e+11
1.43874e+11
1.44277e+11
1.4467e+11
1.45052e+11
1.45424e+11
1.45786e+11
1.46137e+11
1.46478e+11
1.46808e+11
1.47127e+11
1.47436e+11
1.47735e+11
1.48023e+11
1.483e+11
1.48567e+11
1.48823e+11
1.49069e+11
1.49303e+11
1.49528e+11
1.49741e+11
1.49944e+11
1.50136e+11
1.50318e+11
1.50488e+11
1.50648e+11
1.50798e+11
1.50936e+11
1.51064e+11
1.51181e+11
1.51287e+11
1.51383e+11
1.51468e+11
1.51542e+11
1.51605e+11
1.51657e+11
1.51699e+11
1.5173e+11
1.5175e+11
1.5176e+11
1.51758e+11
1.51746e+11
1.51724e+11
1.5169e+11
1.51646e+11
1.51591e+11
1.51525e+11
1.51449e+11
1.51362e+11
1.51264e+11
1.51155e+11
1.51036e+11
1.50906e+11
1.50766e+11
1.50615e+11
1.50453e+11
1.50281e+11
1.50098e+11
1.49904e+11
1.497e+11
1.49486e+11
1.49261e+11
1.49025e+11
1.48779e+11
1.48523e+11
1.48256e+11
1.47979e+11
1.47691e+11
1.47393e+11
1.47085e+11
1.46766e+11
1.46437e+11
1.46098e+11
1.45748e+11
1.45389e+11
1.45019e+11
1.44639e+11
1.44249e+11
1.43848e+11
1.43438e+11
1.43018e+11
1.42588e+11
1.42147e+11
1.41697e+11
1.41237e+11
1.40768e+11
1.40288e+11
1.39798e+11
1.39299e+11
1.3879e+11
1.38272e+11
1.37744e+11
1.37206e+11
1.36658e+11
1.36102e+11
1.35535e+11
1.3496e+11
1.34375e+11
1.3378e+11
1.33176e+11
1.32564e+11
1.31941e+11
1.3131e+11
1.3067e+11
1.3002e+11
1.29362e+11
1.28694e+11
1.28018e+11
1.27333e+11
1.26639e+11
1.25936e+11
1.25225e+11
1.24504e+11
1.23776e+11
1.23038e+11
1.22293e+11
1.21538e+11
1.20776e+11
1.20005e+11
1.19225e+11
1.18438e+11
1.17642e+11
1.16838e+11
1.16027e+11
1.15207e+11
1.14379e+11
1.13543e+11
1.127e+11
1.11849e+11
1.1099e+11
1.10123e+11
1.09249e+11
1.08367e+11
1.07478e+11
1.06582e+11
1.05678e+11
1.04767e+11
1.03849e+11
1.02923e+11
1.01991e+11
1.01051e+11
1.00105e+11
9.91518e+10
9.81917e+10
9.72249e+10
9.62514e+10
9.52714e+10
9.42848e+10
9.32917e+10
9.22923e+10
9.12865e+10
9.02745e+10
8.92563e+10
8.8232e+10
8.72017e+10
8.61654e+10
8.51232e+10
8.40752e+10
8.30214e+10
8.1962e+10
8.08969e+10
7.98263e+10
7.87503e+10
7.76689e+10
7.65822e+10
7.54903e+10
7.43932e+10
7.3291e+10
7.21839e+10
7.10718e+10
6.99548e+10
6.88331e+10
6.77067e+10
6.65757e+10
6.54401e+10
6.43001e+10
6.31557e+10
6.2007e+10
6.0854e+10
5.96969e+10
5.85358e+10
5.73707e+10
5.62016e+10
5.50287e+10
5.38521e+10
5.26719e+10
5.1488e+10
5.03006e+10
4.91098e+10
4.79157e+10
4.67183e+10
4.55177e+10
4.43141e+10
4.31074e+10
4.18978e+10
4.06853e+10
3.94701e+10
3.82522e+10
3.70316e+10
3.58086e+10
3.45832e+10
3.33553e+10
3.21253e+10
3.0893e+10
2.96586e+10
2.84223e+10
2.71839e+10
2.59438e+10
2.47019e+10
2.34583e+10
2.22131e+10
2.09664e+10
1.97183e+10
1.84688e+10
1.72181e+10
1.59662e+10
1.47133e+10
1.34593e+10
1.22044e+10
1.09487e+10
9.69225e+09
8.43514e+09
7.17746e+09
5.91929e+09
4.66072e+09
3.40183e+09
2.14271e+09
8.83445e+08
-3.75879e+08
-1.63518e+09
-2.89437e+09
-4.15336e+09
-5.41207e+09
-6.67041e+09
-7.9283e+09
-9.18565e+09
-1.04424e+10
-1.16984e+10
-1.29536e+10
-1.4208e+10
-1.54613e+10
-1.67137e+10
-1.79649e+10
-1.92148e+10
-2.04635e+10
-2.17108e+10
-2.29566e+10
-2.42008e+10
-2.54434e+10
-2.66843e+10
-2.79234e+10
-2.91606e+10
-3.03957e+10
-3.16289e+10
-3.28598e+10
-3.40886e+10
-3.5315e+10
-3.6539e+10
-3.77605e+10
-3.89795e+10
-4.01958e+10
-4.14094e+10
-4.26202e+10
-4.38281e+10
-4.5033e+10
-4.62348e+10
-4.74335e+10
-4.86289e+10
-4.98211e+10
-5.10098e+10
-5.21951e+10
-5.33769e+10
-5.4555e+10
-5.57294e+10
-5.68999e+10
-5.80667e+10
-5.92294e+10
-6.03882e+10
-6.15428e+10
-6.26932e+10
-6.38394e+10
-6.49812e+10
-6.61185e+10
-6.72514e+10
-6.83797e+10
-6.95033e+10
-7.06222e+10
-7.17362e+10
-7.28454e+10
-7.39496e+10
-7.50487e+10
-7.61427e+10
-7.72316e+10
-7.83151e+10
-7.93933e+10
-8.04661e+10
-8.15334e+10
-8.25951e+10
-8.36511e+10
-8.47015e+10
-8.5746e+10
-8.67847e+10
-8.78175e+10
-8.88442e+10
-8.98649e+10
-9.08794e+10
-9.18877e+10
-9.28897e+10
-9.38853e+10
-9.48745e+10
-9.58572e+10
-9.68333e+10
-9.78028e+10
-9.87656e+10
-9.97216e+10
-1.00671e+11
-1.01613e+11
-1.02548e+11
-1.03477e+11
-1.04398e+11
-1.05312e+11
-1.06218e+11
-1.07118e+11
-1.0801e+11
-1.08895e+11
-1.09772e+11
-1.10641e+11
-1.11503e+11
-1.12358e+11
-1.13204e+11
-1.14043e+11
-1.14874e+11
-1.15697e+11
-1.16512e+11
-1.17319e+11
-1.18118e+11
-1.18909e+11
-1.19692e+11
-1.20466e+11
-1.21232e+11
-1.2199e+11
-1.22739e+11
-1.2348e+11
-1.24212e+11
-1.24935e+11
-1.2565e+11
-1.26357e+11
-1.27054e+11
-1.27743e+11
-1.28423e+11
-1.29094e+11
-1.29756e+11
-1.30409e+11
-1.31053e+11
-1.31688e+11
-1.32314e+11
-1.32931e+11
-1.33538e+11
-1.34136e+11
-1.34725e+11
-1.35304e+11
-1.35875e+11
-1.36435e+11
-1.36986e+11
-1.37528e+11
-1.3806e+11
-1.38582e+11
-1.39095e+11
-1.39598e+11
-1.40092e+11
-1.40575e+11
-1.41049e+11
-1.41513e+11
-1.41967e+11
-1.42411e+11
-1.42846e+11
-1.4327e+11
-1.43684e+11
-1.44089e+11
-1.44483e+11
-1.44867e+11
-1.45241e+11
-1.45604e+11
-1.45958e+11
-1.46301e+11
-1.46635e+11
-1.46957e+11
-1.4727e+11
-1.47572e+11
-1.47864e+11
-1.48145e+11
-1.48417e+11
-1.48677e+11
-1.48927e+11
-1.49167e+11
-1.49396e+11
-1.49615e+11
-1.49823e+11
-1.50021e+11
-1.50208e+11
-1.50385e+11
-1.50551e+11
-1.50706e+11
-1.50851e+11
-1.50985e+11
-1.51109e+11
-1.51221e+11
-1.51323e+11
-1.51415e+11
-1.51496e+11
-1.51566e+11
-1.51625e+11
-1.51673e+11
-1.51711e+11
-1.51738e+11
-1.51755e+11
-1.5176e+11
-1.51755e+11
-1.51739e+11
-1.51713e+11
-1.51675e+11
-1.51627e+11
-1.51568e+11
-1.51499e+11
-1.51418e+11
-1.51327e+11
-1.51225e+11
-1.51112e+11
-1.50989e+11
-1.50855e+11
-1.5071e+11
-1.50554e+11
-1.50388e+11
-1.5021e+11
-1.50023e+11
-1.49824e+11
-1.49615e+11
-1.49395e+11
-1.49164e+11
-1.48923e+11
-1.48671e+11
-1.48409e+11
-1.48136e+11
-1.47852e+11
-1.47558e+11
-1.47253e+11
-1.46938e+11
-1.46612e+11
-1.46276e+11
-1.45929e+11
-1.45571e+11
-1.45204e+11
-1.44825e+11
-1.44437e+11
-1.44038e+11
-1.43629e+11
-1.43209e+11
-1.42779e+11
-1.42339e+11
-1.41888e+11
-1.41428e+11
-1.40957e+11
-1.40476e+11
-1.39985e+11
-1.39484e+11
-1.38973e+11
-1.38452e+11
-1.3792e+11
-1.37379e+11
-1.36828e+11
-1.36267e+11
-1.35696e+11
-1.35116e+11
-1.34526e+11
-1.33925e+11
-1.33316e+11
-1.32696e+11
-1.32067e+11
-1.31429e+11
-1.30781e+11
-1.30123e+11
-1.29456e+11
-1.2878e+11
-1.28094e+11
-1.27399e+11
-1.26695e+11
-1.25982e+11
-1.25259e+11
-1.24527e+11
-1.23787e+11
-1.23037e+11
-1.22279e+11
-1.21511e+11
-1.20735e+11
-1.1995e+11
-1.19156e+11
-1.18353e+11
-1.17542e+11
-1.16722e+11
-1.15894e+11
-1.15058e+11
-1.14213e+11
-1.13359e+11
-1.12498e+11
-1.11628e+11
-1.1075e+11
-1.09864e+11
-1.0897e+11
-1.08068e+11
-1.07158e+11
-1.0624e+11
-1.05315e+11
-1.04381e+11
-1.03441e+11
-1.02492e+11
-1.01536e+11
-1.00573e+11
-9.96023e+10
-9.86243e+10
-9.76392e+10
-9.66468e+10
-9.56474e+10
-9.4641e+10
-9.36276e+10
-9.26074e+10
-9.15804e+10
-9.05466e+10
-8.95062e+10
-8.84593e+10
-8.74059e+10
-8.6346e+10
-8.52798e+10
-8.42074e+10
-8.31287e+10
-8.2044e+10
-8.09532e+10
-7.98565e+10
-7.87539e+10
-7.76455e+10
-7.65314e+10
-7.54117e+10
-7.42864e+10
-7.31557e+10
-7.20196e+10
-7.08782e+10
-6.97315e+10
-6.85798e+10
-6.74229e+10
-6.62611e+10
-6.50945e+10
-6.3923e+10
-6.27468e+10
-6.1566e+10
-6.03807e+10
-5.91909e+10
-5.79968e+10
-5.67983e+10
-5.55957e+10
-5.4389e+10
-5.31783e+10
-5.19636e+10
-5.07451e+10
-4.95229e+10
-4.8297e+10
-4.70675e+10
-4.58346e+10
-4.45983e+10
-4.33587e+10
-4.21158e+10
-4.08699e+10
-3.9621e+10
-3.83691e+10
-3.71144e+10
-3.5857e+10
-3.45969e+10
-3.33342e+10
-3.20691e+10
-3.08016e+10
-2.95318e+10
-2.82599e+10
-2.69859e+10
-2.57098e+10
-2.44319e+10
-2.31522e+10
-2.18707e+10
-2.05876e+10
-1.9303e+10
-1.8017e+10
-1.67297e+10
-1.54411e+10
-1.41513e+10
-1.28606e+10
-1.15688e+10
-1.02763e+10
-8.9829e+09
-7.68889e+09
-6.39431e+09
-5.09926e+09
-3.80383e+09
-2.50812e+09
-1.21222e+09
8.37657e+07
1.37975e+09
2.67563e+09
3.97131e+09
5.26669e+09
6.56169e+09
7.8562e+09
9.15013e+09
1.04434e+10
1.17359e+10
1.30275e+10
1.43181e+10
1.56077e+10
1.68962e+10
1.81833e+10
1.94692e+10
2.07536e+10
2.20364e+10
2.33177e+10
2.45972e+10
2.58749e+10
2.71507e+10
2.84244e+10
2.96961e+10
3.09656e+10
3.22328e+10
3.34976e+10
3.47599e+10
3.60197e+10
3.72768e+10
3.85311e+10
3.97826e+10
4.10312e+10
4.22767e+10
4.35191e+10
4.47583e+10
4.59942e+10
4.72266e+10
4.84556e+10
4.96811e+10
5.09028e+10
5.21208e+10
5.3335e+10
5.45452e+10
5.57514e+10
5.69535e+10
5.81514e+10
5.9345e+10
6.05342e+10
6.17189e+10
6.28991e+10
6.40747e+10
6.52456e+10
6.64116e+10
6.75728e+10
6.87289e+10
6.988e+10
7.1026e+10
7.21667e+10
7.33022e+10
7.44322e+10
7.55568e+10
7.66758e+10
7.77891e+10
7.88968e+10
7.99986e+10
8.10946e+10
8.21846e+10
8.32685e+10
8.43464e+10
8.5418e+10
8.64834e+10
8.75424e+10
8.8595e+10
8.96411e+10
9.06806e+10
9.17135e+10
9.27396e+10
9.3759e+10
9.47715e+10
9.5777e+10
9.67755e+10
9.77669e+10
9.87512e+10
9.97282e+10
1.00698e+11
1.0166e+11
1.02615e+11
1.03563e+11
1.04502e+11
1.05435e+11
1.06359e+11
1.07276e+11
1.08185e+11
1.09086e+11
1.09979e+11
1.10864e+11
1.11741e+11
1.12609e+11
1.1347e+11
1.14322e+11
1.15166e+11
1.16002e+11
1.16829e+11
1.17647e+11
1.18457e+11
1.19259e+11
1.20052e+11
1.20836e+11
1.21611e+11
1.22377e+11
1.23135e+11
1.23883e+11
1.24623e+11
1.25353e+11
1.26074e+11
1.26787e+11
1.2749e+11
1.28183e+11
1.28868e+11
1.29543e+11
1.30209e+11
1.30865e+11
1.31512e+11
1.32149e+11
1.32777e+11
1.33395e+11
1.34004e+11
1.34602e+11
1.35191e+11
1.35771e+11
1.3634e+11
1.369e+11
1.3745e+11
1.3799e+11
1.38519e+11
1.39039e+11
1.39549e+11
1.40049e+11
1.40539e+11
1.41018e+11
1.41488e+11
1.41947e+11
1.42396e+11
1.42835e+11
1.43264e+11
1.43682e+11
1.4409e+11
1.44488e+11
1.44875e+11
1.45252e+11
1.45618e+11
1.45974e+11
1.4632e+11
1.46655e+11
1.46979e+11
1.47293e+11
1.47597e+11
1.47889e+11
1.48172e+11
1.48443e+11
1.48705e+11
1.48955e+11
1.49195e+11
1.49424e+11
1.49643e+11
1.4985e+11
1.50048e+11
1.50234e+11
1.5041e+11
1.50575e+11
1.50729e+11
1.50873e+11
1.51005e+11
1.51127e+11
1.51239e+11
1.51339e+11
1.51429e+11
1.51508e+11
1.51577e+11
1.51634e+11
1.51681e+11
1.51717e+11
1.51742e+11
1.51757e+11
1.5176e+11
1.51753e+11
1.51736e+11
1.51707e+11
1.51668e+11
1.51618e+11
1.51557e+11
1.51486e+11
1.51404e+11
1.51311e+11
1.51207e+11
1.51093e+11
1.50968e+11
1.50833e+11
1.50687e+11
1.5053e+11
1.50363e+11
1.50185e+11
1.49996e+11
1.49797e+11
1.49588e+11
1.49367e+11
1.49137e+11
1.48896e+11
1.48644e+11
1.48382e+11
1.4811e+11
1.47827e+11
1.47534e+11
1.4723e+11
1.46916e+11
1.46592e+11
1.46258e+11
1.45913e+11
1.45558e+11
1.45193e+11
1.44818e+11
1.44432e+11
1.44037e+11
1.43631e+11
1.43216e+11
1.4279e+11
1.42355e+11
1.41909e+11
1.41454e+11
1.40988e+11
1.40513e+11
1.40029e+11
1.39534e+11
1.39029e+11
1.38515e+11
1.37992e+11
1.37458e+11
1.36916e+11
1.36363e+11
1.35801e+11
1.3523e+11
1.34649e+11
1.34059e+11
1.3346e+11
1.32851e+11
1.32234e+11
1.31607e+11
1.3097e+11
1.30325e+11
1.29671e+11
1.29008e+11
1.28335e+11
1.27654e+11
1.26965e+11
1.26266e+11
1.25558e+11
1.24842e+11
1.24118e+11
1.23384e+11
1.22642e+11
1.21892e+11
1.21133e+11
1.20366e+11
1.19591e+11
1.18807e+11
1.18015e+11
1.17215e+11
1.16407e+11
1.15591e+11
1.14767e+11
1.13935e+11
1.13095e+11
1.12248e+11
1.11392e+11
1.10529e+11
1.09659e+11
1.08781e+11
1.07895e+11
1.07002e+11
1.06102e+11
1.05194e+11
1.04279e+11
1.03357e+11
1.02428e+11
1.01492e+11
1.00549e+11
9.95984e+10
9.86415e+10
9.76779e+10
9.67075e+10
9.57305e+10
9.4747e+10
9.3757e+10
9.27605e+10
9.17577e+10
9.07486e+10
8.97333e+10
8.87118e+10
8.76843e+10
8.66508e+10
8.56113e+10
8.4566e+10
8.35149e+10
8.24581e+10
8.13957e+10
8.03277e+10
7.92542e+10
7.81753e+10
7.70911e+10
7.60016e+10
7.49069e+10
7.38071e+10
7.27023e+10
7.15925e+10
7.04778e+10
6.93583e+10
6.82341e+10
6.71052e+10
6.59717e+10
6.48338e+10
6.36914e+10
6.25447e+10
6.13938e+10
6.02386e+10
5.90793e+10
5.79161e+10
5.67488e+10
5.55778e+10
5.44029e+10
5.32243e+10
5.20421e+10
5.08564e+10
4.96672e+10
4.84746e+10
4.72787e+10
4.60796e+10
4.48774e+10
4.36721e+10
4.24638e+10
4.12527e+10
4.00387e+10
3.88221e+10
3.76028e+10
3.63809e+10
3.51566e+10
3.39299e+10
3.27008e+10
3.14696e+10
3.02362e+10
2.90007e+10
2.77633e+10
2.6524e+10
2.52829e+10
2.40401e+10
2.27956e+10
2.15496e+10
2.03022e+10
1.90533e+10
1.78032e+10
1.65518e+10
1.52994e+10
1.40459e+10
1.27914e+10
1.15361e+10
1.028e+10
9.02314e+09
7.76572e+09
6.50777e+09
5.24937e+09
3.99062e+09
2.7316e+09
1.47239e+09
2.13088e+08
-1.04623e+09
-2.30548e+09
-3.56458e+09
-4.82343e+09
-6.08195e+09
-7.34006e+09
-8.59768e+09
-9.85471e+09
-1.11111e+10
-1.23667e+10
-1.36214e+10
-1.48753e+10
-1.61281e+10
-1.73798e+10
-1.86304e+10
-1.98797e+10
-2.11276e+10
-2.23741e+10
-2.36191e+10
-2.48625e+10
-2.61042e+10
-2.73441e+10
-2.85822e+10
-2.98183e+10
-3.10524e+10
-3.22844e+10
-3.35142e+10
-3.47417e+10
-3.59669e+10
-3.71896e+10
-3.84097e+10
-3.96273e+10
-4.08422e+10
-4.20543e+10
-4.32635e+10
-4.44698e+10
-4.56731e+10
-4.68733e+10
-4.80702e+10
-4.92639e+10
-5.04543e+10
-5.16412e+10
-5.28246e+10
-5.40044e+10
-5.51806e+10
-5.6353e+10
-5.75215e+10
-5.86861e+10
-5.98467e+10
-6.10033e+10
-6.21557e+10
-6.33039e+10
-6.44477e+10
-6.55872e+10
-6.67221e+10
-6.78526e+10
-6.89784e+10
-7.00995e+10
-7.12158e+10
-7.23273e+10
-7.34338e+10
-7.45353e+10
-7.56317e+10
-7.6723e+10
-7.7809e+10
-7.88897e+10
-7.9965e+10
-8.10349e+10
-8.20992e+10
-8.31579e+10
-8.4211e+10
-8.52582e+10
-8.62997e+10
-8.73352e+10
-8.83648e+10
-8.93883e+10
-9.04057e+10
-9.14169e+10
-9.24218e+10
-9.34205e+10
-9.44127e+10
-9.53984e+10
-9.63776e+10
-9.73502e+10
-9.83162e+10
-9.92754e+10
-1.00228e+11
-1.01173e+11
-1.02112e+11
-1.03043e+11
-1.03968e+11
-1.04885e+11
-1.05795e+11
-1.06698e+11
-1.07594e+11
-1.08482e+11
-1.09363e+11
-1.10236e+11
-1.11101e+11
-1.11959e+11
-1.12809e+11
-1.13652e+11
-1.14487e+11
-1.15313e+11
-1.16132e+11
-1.16943e+11
-1.17746e+11
-1.1854e+11
-1.19327e+11
-1.20105e+11
-1.20875e+11
-1.21636e+11
-1.22389e+11
-1.23134e+11
-1.2387e+11
-1.24598e+11
-1.25317e+11
-1.26027e+11
-1.26729e+11
-1.27422e+11
-1.28106e+11
-1.28781e+11
-1.29447e+11
-1.30105e+11
-1.30753e+11
-1.31392e+11
-1.32022e+11
-1.32643e+11
-1.33255e+11
-1.33858e+11
-1.34451e+11
-1.35035e+11
-1.35609e+11
-1.36174e+11
-1.3673e+11
-1.37276e+11
-1.37812e+11
-1.38339e+11
-1.38857e+11
-1.39364e+11
-1.39862e+11
-1.4035e+11
-1.40829e+11
-1.41297e+11
-1.41756e+11
-1.42205e+11
-1.42644e+11
-1.43073e+11
-1.43492e+11
-1.43901e+11
-1.443e+11
-1.44688e+11
-1.45067e+11
-1.45436e+11
-1.45794e+11
-1.46142e+11
-1.4648e+11
-1.46808e+11
-1.47125e+11
-1.47432e+11
-1.47729e+11
-1.48015e+11
-1.48291e+11
-1.48557e+11
-1.48812e+11
-1.49056e+11
-1.49291e+11
-1.49514e+11
-1.49727e+11
-1.4993e+11
-1.50122e+11
-1.50304e+11
-1.50475e+11
-1.50635e+11
-1.50785e+11
-1.50924e+11
-1.51052e+11
-1.5117e+11
-1.51277e+11
-1.51373e+11
-1.51459e+11
-1.51534e+11
-1.51598e+11
-1.51652e+11
-1.51695e+11
-1.51727e+11
-1.51748e+11
-1.51759e+11
-1.51759e+11
-1.51748e+11
-1.51727e+11
-1.51694e+11
-1.51651e+11
-1.51597e+11
-1.51533e+11
-1.51457e+11
-1.51371e+11
-1.51274e+11
-1.51166e+11
-1.51048e+11
-1.50919e+11
-1.50779e+11
-1.50628e+11
-1.50467e+11
-1.50295e+11
-1.50112e+11
-1.49918e+11
-1.49714e+11
-1.49499e+11
-1.49274e+11
-1.49037e+11
-1.48791e+11
-1.48533e+11
-1.48265e+11
-1.47986e+11
-1.47697e+11
-1.47397e+11
-1.47087e+11
-1.46766e+11
-1.46434e+11
-1.46092e+11
-1.4574e+11
-1.45377e+11
-1.45004e+11
-1.4462e+11
-1.44226e+11
-1.43821e+11
-1.43406e+11
-1.42981e+11
-1.42546e+11
-1.421e+11
-1.41645e+11
-1.41179e+11
-1.40702e+11
-1.40216e+11
-1.3972e+11
-1.39213e+11
-1.38697e+11
-1.3817e+11
-1.37634e+11
-1.37087e+11
-1.36531e+11
-1.35965e+11
-1.35389e+11
-1.34803e+11
-1.34207e+11
-1.33602e+11
-1.32987e+11
-1.32363e+11
-1.31729e+11
-1.31085e+11
-1.30432e+11
-1.29769e+11
-1.29097e+11
-1.28416e+11
-1.27725e+11
-1.27026e+11
-1.26316e+11
-1.25598e+11
-1.24871e+11
-1.24134e+11
-1.23389e+11
-1.22634e+11
-1.21871e+11
-1.21099e+11
-1.20318e+11
-1.19528e+11
-1.1873e+11
-1.17923e+11
-1.17107e+11
-1.16283e+11
-1.1545e+11
-1.14609e+11
-1.13759e+11
-1.12902e+11
-1.12036e+11
-1.11161e+11
-1.10279e+11
-1.09389e+11
-1.08491e+11
-1.07584e+11
-1.0667e+11
-1.05748e+11
-1.04819e+11
-1.03882e+11
-1.02937e+11
-1.01984e+11
-1.01024e+11
-1.00057e+11
-9.90826e+10
-9.81008e+10
-9.71118e+10
-9.61157e+10
-9.51125e+10
-9.41024e+10
-9.30854e+10
-9.20615e+10
-9.10309e+10
-8.99936e+10
-8.89498e+10
-8.78993e+10
-8.68425e+10
-8.57792e+10
-8.47097e+10
-8.3634e+10
-8.25521e+10
-8.14641e+10
-8.03701e+10
-7.92703e+10
-7.81646e+10
-7.70532e+10
-7.59361e+10
-7.48134e+10
-7.36852e+10
-7.25516e+10
-7.14126e+10
-7.02684e+10
-6.91191e+10
-6.79646e+10
-6.68051e+10
-6.56407e+10
-6.44715e+10
-6.32975e+10
-6.21188e+10
-6.09356e+10
-5.97479e+10
-5.85558e+10
-5.73593e+10
-5.61587e+10
-5.49539e+10
-5.3745e+10
-5.25322e+10
-5.13154e+10
-5.00949e+10
-4.88708e+10
-4.7643e+10
-4.64116e+10
-4.51769e+10
-4.39388e+10
-4.26975e+10
-4.1453e+10
-4.02055e+10
-3.89549e+10
-3.77016e+10
-3.64454e+10
-3.51865e+10
-3.3925e+10
-3.26611e+10
-3.13947e+10
-3.0126e+10
-2.8855e+10
-2.7582e+10
-2.63068e+10
-2.50298e+10
-2.37509e+10
-2.24702e+10
-2.11879e+10
-1.9904e+10
-1.86186e+10
-1.73319e+10
-1.60439e+10
-1.47547e+10
-1.34644e+10
-1.21731e+10
-1.08809e+10
-9.58787e+09
-8.29416e+09
-6.99983e+09
-5.70499e+09
-4.40972e+09
-3.11413e+09
-1.81831e+09
-5.2235e+08
7.73645e+08
2.06958e+09
3.36537e+09
4.6609e+09
5.9561e+09
7.25085e+09
8.54506e+09
9.83864e+09
1.11315e+10
1.24235e+10
1.37146e+10
1.50047e+10
1.62937e+10
1.75815e+10
1.8868e+10
2.01531e+10
2.14367e+10
2.27187e+10
2.3999e+10
2.52776e+10
2.65542e+10
2.7829e+10
2.91016e+10
3.03721e+10
3.16404e+10
3.29063e+10
3.41698e+10
3.54308e+10
3.66892e+10
3.79448e+10
3.91977e+10
4.04476e+10
4.16946e+10
4.29384e+10
4.41791e+10
4.54166e+10
4.66507e+10
4.78813e+10
4.91084e+10
5.03319e+10
5.15517e+10
5.27676e+10
5.39797e+10
5.51878e+10
5.63918e+10
5.75917e+10
5.87873e+10
5.99786e+10
6.11654e+10
6.23477e+10
6.35255e+10
6.46986e+10
6.58669e+10
6.70303e+10
6.81888e+10
6.93423e+10
7.04907e+10
7.16339e+10
7.27718e+10
7.39044e+10
7.50315e+10
7.61531e+10
7.72691e+10
7.83795e+10
7.9484e+10
8.05827e+10
8.16755e+10
8.27623e+10
8.3843e+10
8.49176e+10
8.59859e+10
8.70479e+10
8.81035e+10
8.91527e+10
9.01953e+10
9.12313e+10
9.22606e+10
9.32831e+10
9.42988e+10
9.53076e+10
9.63094e+10
9.73041e+10
9.82917e+10
9.92722e+10
1.00245e+11
1.01211e+11
1.0217e+11
1.0312e+11
1.04064e+11
1.05e+11
1.05928e+11
1.06848e+11
1.07761e+11
1.08665e+11
1.09562e+11
1.10451e+11
1.11332e+11
1.12204e+11
1.13069e+11
1.13925e+11
1.14773e+11
1.15612e+11
1.16443e+11
1.17266e+11
1.1808e+11
1.18885e+11
1.19682e+11
1.2047e+11
1.21249e+11
1.2202e+11
1.22781e+11
1.23534e+11
1.24278e+11
1.25013e+11
1.25738e+11
1.26455e+11
1.27162e+11
1.2786e+11
1.28549e+11
1.29228e+11
1.29899e+11
1.30559e+11
1.31211e+11
1.31852e+11
1.32485e+11
1.33107e+11
1.3372e+11
1.34324e+11
1.34917e+11
1.35501e+11
1.36075e+11
1.36639e+11
1.37194e+11
1.37738e+11
1.38273e+11
1.38797e+11
1.39312e+11
1.39817e+11
1.40311e+11
1.40795e+11
1.4127e+11
1.41734e+11
1.42188e+11
1.42631e+11
1.43065e+11
1.43488e+11
1.439e+11
1.44303e+11
1.44695e+11
1.45077e+11
1.45448e+11
1.45809e+11
1.46159e+11
1.46499e+11
1.46829e+11
1.47148e+11
1.47456e+11
1.47754e+11
1.48041e+11
1.48318e+11
1.48584e+11
1.48839e+11
1.49084e+11
1.49318e+11
1.49542e+11
1.49755e+11
1.49957e+11
1.50148e+11
1.50329e+11
1.50499e+11
1.50658e+11
1.50807e+11
1.50945e+11
1.51072e+11
1.51188e+11
1.51294e+11
1.51389e+11
1.51473e+11
1.51546e+11
1.51609e+11
1.5166e+11
1.51701e+11
1.51732e+11
1.51751e+11
1.5176e+11
1.51758e+11
1.51745e+11
1.51722e+11
1.51687e+11
1.51643e+11
1.51587e+11
1.5152e+11
1.51443e+11
1.51356e+11
1.51257e+11
1.51148e+11
1.51028e+11
1.50898e+11
1.50756e+11
1.50605e+11
1.50442e+11
1.50269e+11
1.50086e+11
1.49892e+11
1.49687e+11
1.49472e+11
1.49246e+11
1.4901e+11
1.48763e+11
1.48506e+11
1.48238e+11
1.4796e+11
1.47672e+11
1.47373e+11
1.47064e+11
1.46745e+11
1.46415e+11
1.46075e+11
1.45725e+11
1.45365e+11
1.44994e+11
1.44614e+11
1.44223e+11
1.43822e+11
1.43411e+11
1.4299e+11
1.4256e+11
1.42119e+11
1.41668e+11
1.41207e+11
1.40737e+11
1.40256e+11
1.39766e+11
1.39267e+11
1.38757e+11
1.38238e+11
1.37709e+11
1.37171e+11
1.36623e+11
1.36065e+11
1.35498e+11
1.34922e+11
1.34336e+11
1.33741e+11
1.33137e+11
1.32524e+11
1.31901e+11
1.31269e+11
1.30628e+11
1.29978e+11
1.29319e+11
1.28651e+11
1.27974e+11
1.27288e+11
1.26594e+11
1.2589e+11
1.25178e+11
1.24458e+11
1.23728e+11
1.2299e+11
1.22244e+11
1.21489e+11
1.20726e+11
1.19955e+11
1.19175e+11
1.18387e+11
1.17591e+11
1.16786e+11
1.15974e+11
1.15154e+11
1.14325e+11
1.13489e+11
1.12645e+11
1.11793e+11
1.10934e+11
1.10067e+11
1.09192e+11
1.0831e+11
1.07421e+11
1.06524e+11
1.05619e+11
1.04708e+11
1.03789e+11
1.02863e+11
1.0193e+11
1.0099e+11
1.00044e+11
9.90899e+10
9.81294e+10
9.71622e+10
9.61883e+10
9.52078e+10
9.42208e+10
9.32273e+10
9.22275e+10
9.12213e+10
9.02089e+10
8.91903e+10
8.81656e+10
8.71349e+10
8.60982e+10
8.50556e+10
8.40072e+10
8.29531e+10
8.18933e+10
8.08279e+10
7.9757e+10
7.86806e+10
7.75988e+10
7.65118e+10
7.54195e+10
7.43221e+10
7.32196e+10
7.21121e+10
7.09997e+10
6.98825e+10
6.87604e+10
6.76337e+10
6.65024e+10
6.53666e+10
6.42262e+10
6.30816e+10
6.19326e+10
6.07794e+10
5.9622e+10
5.84606e+10
5.72952e+10
5.61259e+10
5.49528e+10
5.3776e+10
5.25954e+10
5.14113e+10
5.02238e+10
4.90327e+10
4.78384e+10
4.66408e+10
4.544e+10
4.42362e+10
4.30293e+10
4.18195e+10
4.06068e+10
3.93914e+10
3.81733e+10
3.69527e+10
3.57295e+10
3.45039e+10
3.32759e+10
3.20457e+10
3.08133e+10
2.95788e+10
2.83423e+10
2.71038e+10
2.58636e+10
2.46215e+10
2.33778e+10
2.21326e+10
2.08858e+10
1.96376e+10
1.8388e+10
1.71372e+10
1.58853e+10
1.46322e+10
1.33782e+10
1.21233e+10
1.08675e+10
9.61102e+09
8.35387e+09
7.09615e+09
5.83795e+09
4.57936e+09
3.32045e+09
2.06132e+09
8.02051e+08
-4.57274e+08
-1.71657e+09
-2.97575e+09
-4.23472e+09
-5.49341e+09
-6.75172e+09
-8.00958e+09
-9.26689e+09
-1.05236e+10
-1.17795e+10
-1.30347e+10
-1.4289e+10
-1.55423e+10
-1.67946e+10
-1.80457e+10
-1.92956e+10
-2.05442e+10
-2.17914e+10
-2.30371e+10
-2.42812e+10
-2.55237e+10
-2.67645e+10
-2.80034e+10
-2.92404e+10
-3.04755e+10
-3.17085e+10
-3.29393e+10
-3.41679e+10
-3.53942e+10
-3.6618e+10
-3.78394e+10
-3.90582e+10
-4.02744e+10
-4.14878e+10
-4.26983e+10
-4.3906e+10
-4.51107e+10
-4.63124e+10
-4.75108e+10
-4.87061e+10
-4.9898e+10
-5.10866e+10
-5.22716e+10
-5.34531e+10
-5.4631e+10
-5.58051e+10
-5.69755e+10
-5.81419e+10
-5.93044e+10
-6.04629e+10
-6.16173e+10
-6.27674e+10
-6.39133e+10
-6.50548e+10
-6.61919e+10
-6.73245e+10
-6.84524e+10
-6.95757e+10
-7.06943e+10
-7.18081e+10
-7.29169e+10
-7.40208e+10
-7.51196e+10
-7.62133e+10
-7.73018e+10
-7.8385e+10
-7.94628e+10
-8.05352e+10
-8.16022e+10
-8.26635e+10
-8.37192e+10
-8.47692e+10
-8.58133e+10
-8.68516e+10
-8.7884e+10
-8.89104e+10
-8.99306e+10
-9.09447e+10
-9.19526e+10
-9.29542e+10
-9.39494e+10
-9.49382e+10
-9.59205e+10
-9.68962e+10
-9.78653e+10
-9.88276e+10
-9.97832e+10
-1.00732e+11
-1.01674e+11
-1.02609e+11
-1.03536e+11
-1.04457e+11
-1.05371e+11
-1.06277e+11
-1.07176e+11
-1.08067e+11
-1.08952e+11
-1.09828e+11
-1.10697e+11
-1.11559e+11
-1.12413e+11
-1.13259e+11
-1.14097e+11
-1.14928e+11
-1.1575e+11
-1.16565e+11
-1.17371e+11
-1.1817e+11
-1.1896e+11
-1.19742e+11
-1.20516e+11
-1.21281e+11
-1.22038e+11
-1.22787e+11
-1.23527e+11
-1.24259e+11
-1.24982e+11
-1.25696e+11
-1.26402e+11
-1.27099e+11
-1.27787e+11
-1.28467e+11
-1.29137e+11
-1.29798e+11
-1.30451e+11
-1.31094e+11
-1.31729e+11
-1.32354e+11
-1.3297e+11
-1.33577e+11
-1.34174e+11
-1.34763e+11
-1.35342e+11
-1.35911e+11
-1.36471e+11
-1.37022e+11
-1.37563e+11
-1.38094e+11
-1.38616e+11
-1.39128e+11
-1.39631e+11
-1.40123e+11
-1.40606e+11
-1.41079e+11
-1.41543e+11
-1.41996e+11
-1.4244e+11
-1.42873e+11
-1.43297e+11
-1.43711e+11
-1.44114e+11
-1.44508e+11
-1.44891e+11
-1.45265e+11
-1.45628e+11
-1.45981e+11
-1.46323e+11
-1.46656e+11
-1.46978e+11
-1.4729e+11
-1.47591e+11
-1.47883e+11
-1.48163e+11
-1.48434e+11
-1.48694e+11
-1.48943e+11
-1.49182e+11
-1.49411e+11
-1.49629e+11
-1.49837e+11
-1.50034e+11
-1.5022e+11
-1.50396e+11
-1.50561e+11
-1.50716e+11
-1.5086e+11
-1.50993e+11
-1.51116e+11
-1.51228e+11
-1.5133e+11
-1.5142e+11
-1.515e+11
-1.5157e+11
-1.51628e+11
-1.51676e+11
-1.51713e+11
-1.5174e+11
-1.51756e+11
-1.5176e+11
-1.51755e+11
-1.51738e+11
-1.51711e+11
-1.51673e+11
-1.51624e+11
-1.51564e+11
-1.51494e+11
-1.51413e+11
-1.51321e+11
-1.51218e+11
-1.51105e+11
-1.5098e+11
-1.50846e+11
-1.507e+11
-1.50544e+11
-1.50376e+11
-1.50199e+11
-1.5001e+11
-1.49811e+11
-1.49601e+11
-1.4938e+11
-1.49149e+11
-1.48907e+11
-1.48655e+11
-1.48392e+11
-1.48118e+11
-1.47834e+11
-1.47539e+11
-1.47233e+11
-1.46917e+11
-1.4659e+11
-1.46253e+11
-1.45906e+11
-1.45548e+11
-1.45179e+11
-1.44801e+11
-1.44411e+11
-1.44012e+11
-1.43602e+11
-1.43181e+11
-1.42751e+11
-1.4231e+11
-1.41859e+11
-1.41398e+11
-1.40926e+11
-1.40445e+11
-1.39953e+11
-1.39451e+11
-1.38939e+11
-1.38417e+11
-1.37886e+11
-1.37344e+11
-1.36792e+11
-1.36231e+11
-1.35659e+11
-1.35078e+11
-1.34487e+11
-1.33886e+11
-1.33276e+11
-1.32656e+11
-1.32026e+11
-1.31387e+11
-1.30739e+11
-1.3008e+11
-1.29413e+11
-1.28736e+11
-1.2805e+11
-1.27354e+11
-1.26649e+11
-1.25935e+11
-1.25212e+11
-1.2448e+11
-1.23739e+11
-1.22988e+11
-1.22229e+11
-1.21461e+11
-1.20684e+11
-1.19899e+11
-1.19104e+11
-1.18301e+11
-1.17489e+11
-1.16669e+11
-1.1584e+11
-1.15003e+11
-1.14158e+11
-1.13304e+11
-1.12442e+11
-1.11571e+11
-1.10693e+11
-1.09806e+11
-1.08912e+11
-1.08009e+11
-1.07099e+11
-1.06181e+11
-1.05255e+11
-1.04321e+11
-1.0338e+11
-1.02431e+11
-1.01474e+11
-1.0051e+11
-9.95393e+10
-9.85609e+10
-9.75752e+10
-9.65824e+10
-9.55826e+10
-9.45757e+10
-9.35619e+10
-9.25412e+10
-9.15137e+10
-9.04796e+10
-8.94388e+10
-8.83914e+10
-8.73376e+10
-8.62773e+10
-8.52107e+10
-8.41378e+10
-8.30588e+10
-8.19737e+10
-8.08825e+10
-7.97854e+10
-7.86824e+10
-7.75737e+10
-7.64592e+10
-7.53391e+10
-7.42135e+10
-7.30824e+10
-7.1946e+10
-7.08042e+10
-6.96572e+10
-6.85051e+10
-6.7348e+10
-6.61859e+10
-6.50189e+10
-6.38471e+10
-6.26707e+10
-6.14896e+10
-6.03039e+10
-5.91139e+10
-5.79194e+10
-5.67207e+10
-5.55178e+10
-5.43109e+10
-5.30999e+10
-5.1885e+10
-5.06662e+10
-4.94437e+10
-4.82176e+10
-4.69879e+10
-4.57548e+10
-4.45182e+10
-4.32784e+10
-4.20354e+10
-4.07893e+10
-3.95402e+10
-3.82881e+10
-3.70332e+10
-3.57756e+10
-3.45153e+10
-3.32525e+10
-3.19872e+10
-3.07196e+10
-2.94497e+10
-2.81776e+10
-2.69034e+10
-2.56273e+10
-2.43492e+10
-2.30694e+10
-2.17878e+10
-2.05046e+10
-1.922e+10
-1.79339e+10
-1.66464e+10
-1.53578e+10
-1.40679e+10
-1.27771e+10
-1.14853e+10
-1.01927e+10
-8.89929e+09
-7.60524e+09
-6.31062e+09
-5.01554e+09
-3.72009e+09
-2.42436e+09
-1.12846e+09
1.67531e+08
1.46351e+09
2.75938e+09
4.05504e+09
5.35041e+09
6.64538e+09
7.93985e+09
9.23374e+09
1.05269e+10
1.18194e+10
1.31109e+10
1.44015e+10
1.5691e+10
1.69794e+10
1.82665e+10
1.95522e+10
2.08365e+10
2.21193e+10
2.34004e+10
2.46798e+10
2.59574e+10
2.72331e+10
2.85067e+10
2.97782e+10
3.10476e+10
3.23146e+10
3.35792e+10
3.48414e+10
3.6101e+10
3.73579e+10
3.86121e+10
3.98634e+10
4.11117e+10
4.23571e+10
4.35993e+10
4.48383e+10
4.60739e+10
4.73062e+10
4.8535e+10
4.97601e+10
5.09817e+10
5.21994e+10
5.34133e+10
5.46233e+10
5.58292e+10
5.7031e+10
5.82286e+10
5.9422e+10
6.06109e+10
6.17954e+10
6.29753e+10
6.41505e+10
6.53211e+10
6.64868e+10
6.76476e+10
6.88035e+10
6.99543e+10
7.10999e+10
7.22403e+10
7.33754e+10
7.45051e+10
7.56293e+10
7.67479e+10
7.78609e+10
7.89682e+10
8.00696e+10
8.11652e+10
8.22548e+10
8.33384e+10
8.44158e+10
8.54871e+10
8.6552e+10
8.76106e+10
8.86628e+10
8.97085e+10
9.07476e+10
9.178e+10
9.28057e+10
9.38246e+10
9.48367e+10
9.58417e+10
9.68398e+10
9.78307e+10
9.88145e+10
9.97911e+10
1.0076e+11
1.01722e+11
1.02677e+11
1.03624e+11
1.04563e+11
1.05495e+11
1.06419e+11
1.07335e+11
1.08243e+11
1.09144e+11
1.10036e+11
1.10921e+11
1.11797e+11
1.12665e+11
1.13525e+11
1.14377e+11
1.1522e+11
1.16055e+11
1.16882e+11
1.177e+11
1.1851e+11
1.1931e+11
1.20102e+11
1.20886e+11
1.21661e+11
1.22426e+11
1.23183e+11
1.23931e+11
1.2467e+11
1.254e+11
1.26121e+11
1.26832e+11
1.27535e+11
1.28228e+11
1.28912e+11
1.29586e+11
1.30251e+11
1.30907e+11
1.31553e+11
1.3219e+11
1.32817e+11
1.33435e+11
1.34043e+11
1.34641e+11
1.35229e+11
1.35808e+11
1.36377e+11
1.36936e+11
1.37485e+11
1.38024e+11
1.38553e+11
1.39073e+11
1.39582e+11
1.40081e+11
1.4057e+11
1.41049e+11
1.41518e+11
1.41977e+11
1.42425e+11
1.42863e+11
1.43291e+11
1.43709e+11
1.44116e+11
1.44513e+11
1.449e+11
1.45276e+11
1.45641e+11
1.45997e+11
1.46342e+11
1.46676e+11
1.47e+11
1.47313e+11
1.47616e+11
1.47908e+11
1.4819e+11
1.48461e+11
1.48721e+11
1.48971e+11
1.4921e+11
1.49439e+11
1.49656e+11
1.49863e+11
1.5006e+11
1.50246e+11
1.50421e+11
1.50585e+11
1.50739e+11
1.50881e+11
1.51014e+11
1.51135e+11
1.51246e+11
1.51346e+11
1.51435e+11
1.51513e+11
1.51581e+11
1.51637e+11
1.51683e+11
1.51719e+11
1.51743e+11
1.51757e+11
1.5176e+11
1.51752e+11
1.51734e+11
1.51705e+11
1.51665e+11
1.51614e+11
1.51553e+11
1.51481e+11
1.51398e+11
1.51304e+11
1.512e+11
1.51085e+11
1.5096e+11
1.50824e+11
1.50677e+11
1.5052e+11
1.50351e+11
1.50173e+11
1.49984e+11
1.49784e+11
1.49574e+11
1.49353e+11
1.49122e+11
1.4888e+11
1.48628e+11
1.48365e+11
1.48092e+11
1.47808e+11
1.47514e+11
1.4721e+11
1.46896e+11
1.46571e+11
1.46236e+11
1.4589e+11
1.45535e+11
1.45169e+11
1.44793e+11
1.44407e+11
1.44011e+11
1.43605e+11
1.43189e+11
1.42762e+11
1.42326e+11
1.4188e+11
1.41424e+11
1.40958e+11
1.40482e+11
1.39997e+11
1.39502e+11
1.38997e+11
1.38482e+11
1.37958e+11
1.37424e+11
1.3688e+11
1.36327e+11
1.35765e+11
1.35193e+11
1.34612e+11
1.34021e+11
1.33421e+11
1.32812e+11
1.32193e+11
1.31566e+11
1.30929e+11
1.30283e+11
1.29628e+11
1.28964e+11
1.28292e+11
1.2761e+11
1.2692e+11
1.2622e+11
1.25512e+11
1.24796e+11
1.2407e+11
1.23337e+11
1.22594e+11
1.21843e+11
1.21084e+11
1.20316e+11
1.1954e+11
1.18756e+11
1.17964e+11
1.17163e+11
1.16355e+11
1.15538e+11
1.14714e+11
1.13881e+11
1.13041e+11
1.12193e+11
1.11337e+11
1.10473e+11
1.09602e+11
1.08724e+11
1.07838e+11
1.06944e+11
1.06043e+11
1.05135e+11
1.0422e+11
1.03297e+11
1.02368e+11
1.01431e+11
1.00487e+11
9.95368e+10
9.85795e+10
9.76154e+10
9.66446e+10
9.56672e+10
9.46832e+10
9.36927e+10
9.26959e+10
9.16926e+10
9.06831e+10
8.96674e+10
8.86456e+10
8.76177e+10
8.65838e+10
8.55439e+10
8.44983e+10
8.34468e+10
8.23896e+10
8.13268e+10
8.02585e+10
7.91847e+10
7.81054e+10
7.70208e+10
7.5931e+10
7.4836e+10
7.37359e+10
7.26307e+10
7.15206e+10
7.04056e+10
6.92858e+10
6.81613e+10
6.70321e+10
6.58983e+10
6.47601e+10
6.36174e+10
6.24705e+10
6.13192e+10
6.01638e+10
5.90043e+10
5.78407e+10
5.66733e+10
5.55019e+10
5.43268e+10
5.3148e+10
5.19656e+10
5.07796e+10
4.95902e+10
4.83974e+10
4.72013e+10
4.6002e+10
4.47996e+10
4.35941e+10
4.23856e+10
4.11743e+10
3.99602e+10
3.87434e+10
3.75239e+10
3.63019e+10
3.50774e+10
3.38505e+10
3.26213e+10
3.13899e+10
3.01564e+10
2.89208e+10
2.76833e+10
2.64439e+10
2.52026e+10
2.39597e+10
2.27152e+10
2.14691e+10
2.02215e+10
1.89726e+10
1.77223e+10
1.64709e+10
1.52184e+10
1.39648e+10
1.27103e+10
1.14549e+10
1.01987e+10
8.94189e+09
7.68443e+09
6.42644e+09
5.16802e+09
3.90925e+09
2.65022e+09
1.391e+09
1.31692e+08
-1.12763e+09
-2.38687e+09
-3.64595e+09
-4.90478e+09
-6.16328e+09
-7.42137e+09
-8.67894e+09
-9.93593e+09
-1.11922e+10
-1.24478e+10
-1.37025e+10
-1.49563e+10
-1.62091e+10
-1.74607e+10
-1.87112e+10
-1.99604e+10
-2.12082e+10
-2.24547e+10
-2.36995e+10
-2.49428e+10
-2.61844e+10
-2.74242e+10
-2.86621e+10
-2.98981e+10
-3.11321e+10
-3.23639e+10
-3.35936e+10
-3.4821e+10
-3.6046e+10
-3.72685e+10
-3.84885e+10
-3.97059e+10
-4.09206e+10
-4.21325e+10
-4.33416e+10
-4.45477e+10
-4.57508e+10
-4.69507e+10
-4.81475e+10
-4.9341e+10
-5.05311e+10
-5.17178e+10
-5.2901e+10
-5.40806e+10
-5.52565e+10
-5.64286e+10
-5.75969e+10
-5.87613e+10
-5.99216e+10
-6.10779e+10
-6.223e+10
-6.33779e+10
-6.45215e+10
-6.56606e+10
-6.67953e+10
-6.79255e+10
-6.9051e+10
-7.01718e+10
-7.12878e+10
-7.23989e+10
-7.35051e+10
-7.46063e+10
-7.57024e+10
-7.67933e+10
-7.7879e+10
-7.89594e+10
-8.00344e+10
-8.11039e+10
-8.21678e+10
-8.32262e+10
-8.42788e+10
-8.53257e+10
-8.63668e+10
-8.74019e+10
-8.84311e+10
-8.94542e+10
-9.04712e+10
-9.1482e+10
-9.24866e+10
-9.34848e+10
-9.44766e+10
-9.54619e+10
-9.64407e+10
-9.74129e+10
-9.83784e+10
-9.93371e+10
-1.00289e+11
-1.01234e+11
-1.02172e+11
-1.03103e+11
-1.04027e+11
-1.04944e+11
-1.05854e+11
-1.06756e+11
-1.07651e+11
-1.08539e+11
-1.09419e+11
-1.10292e+11
-1.11157e+11
-1.12014e+11
-1.12864e+11
-1.13706e+11
-1.1454e+11
-1.15366e+11
-1.16185e+11
-1.16995e+11
-1.17797e+11
-1.18591e+11
-1.19377e+11
-1.20155e+11
-1.20924e+11
-1.21685e+11
-1.22438e+11
-1.23182e+11
-1.23918e+11
-1.24645e+11
-1.25363e+11
-1.26073e+11
-1.26774e+11
-1.27466e+11
-1.2815e+11
-1.28825e+11
-1.2949e+11
-1.30147e+11
-1.30795e+11
-1.31433e+11
-1.32063e+11
-1.32683e+11
-1.33294e+11
-1.33896e+11
-1.34489e+11
-1.35072e+11
-1.35646e+11
-1.3621e+11
-1.36765e+11
-1.37311e+11
-1.37847e+11
-1.38373e+11
-1.3889e+11
-1.39397e+11
-1.39894e+11
-1.40382e+11
-1.40859e+11
-1.41327e+11
-1.41785e+11
-1.42234e+11
-1.42672e+11
-1.431e+11
-1.43519e+11
-1.43927e+11
-1.44325e+11
-1.44713e+11
-1.45091e+11
-1.45459e+11
-1.45817e+11
-1.46164e+11
-1.46502e+11
-1.46829e+11
-1.47145e+11
-1.47452e+11
-1.47748e+11
-1.48033e+11
-1.48309e+11
-1.48573e+11
-1.48828e+11
-1.49072e+11
-1.49305e+11
-1.49528e+11
-1.49741e+11
-1.49943e+11
-1.50134e+11
-1.50315e+11
-1.50485e+11
-1.50645e+11
-1.50794e+11
-1.50932e+11
-1.5106e+11
-1.51177e+11
-1.51284e+11
-1.51379e+11
-1.51464e+11
-1.51539e+11
-1.51602e+11
-1.51655e+11
-1.51697e+11
-1.51729e+11
-1.5175e+11
-1.51759e+11
-1.51759e+11
-1.51747e+11
-1.51725e+11
-1.51692e+11
-1.51648e+11
-1.51593e+11
-1.51528e+11
-1.51452e+11
-1.51365e+11
-1.51267e+11
-1.51159e+11
-1.5104e+11
-1.5091e+11
-1.50769e+11
-1.50618e+11
-1.50456e+11
-1.50283e+11
-1.501e+11
-1.49905e+11
-1.49701e+11
-1.49485e+11
-1.49259e+11
-1.49022e+11
-1.48774e+11
-1.48516e+11
-1.48247e+11
-1.47968e+11
-1.47678e+11
-1.47377e+11
-1.47066e+11
-1.46745e+11
-1.46412e+11
-1.4607e+11
-1.45717e+11
-1.45353e+11
-1.44979e+11
-1.44595e+11
-1.442e+11
-1.43795e+11
-1.43379e+11
-1.42954e+11
-1.42518e+11
-1.42071e+11
-1.41615e+11
-1.41148e+11
-1.40671e+11
-1.40184e+11
-1.39687e+11
-1.3918e+11
-1.38663e+11
-1.38136e+11
-1.37598e+11
-1.37051e+11
-1.36494e+11
-1.35928e+11
-1.35351e+11
-1.34765e+11
-1.34168e+11
-1.33563e+11
-1.32947e+11
-1.32322e+11
-1.31687e+11
-1.31043e+11
-1.30389e+11
-1.29726e+11
-1.29054e+11
-1.28372e+11
-1.2768e+11
-1.2698e+11
-1.2627e+11
-1.25551e+11
-1.24823e+11
-1.24086e+11
-1.2334e+11
-1.22585e+11
-1.21821e+11
-1.21049e+11
-1.20267e+11
-1.19477e+11
-1.18678e+11
-1.1787e+11
-1.17054e+11
-1.16229e+11
-1.15396e+11
-1.14554e+11
-1.13704e+11
-1.12846e+11
-1.11979e+11
-1.11105e+11
-1.10222e+11
-1.09331e+11
-1.08432e+11
-1.07526e+11
-1.06611e+11
-1.05689e+11
-1.04758e+11
-1.03821e+11
-1.02875e+11
-1.01922e+11
-1.00962e+11
-9.99944e+10
-9.90194e+10
-9.80371e+10
-9.70476e+10
-9.60511e+10
-9.50474e+10
-9.40369e+10
-9.30194e+10
-9.19951e+10
-9.09641e+10
-8.99264e+10
-8.88821e+10
-8.78312e+10
-8.6774e+10
-8.57103e+10
-8.46404e+10
-8.35642e+10
-8.24819e+10
-8.13936e+10
-8.02992e+10
-7.9199e+10
-7.80929e+10
-7.69811e+10
-7.58637e+10
-7.47406e+10
-7.36121e+10
-7.24781e+10
-7.13388e+10
-7.01943e+10
-6.90446e+10
-6.78898e+10
-6.673e+10
-6.55653e+10
-6.43957e+10
-6.32215e+10
-6.20425e+10
-6.0859e+10
-5.9671e+10
-5.84786e+10
-5.72819e+10
-5.60809e+10
-5.48758e+10
-5.36667e+10
-5.24536e+10
-5.12367e+10
-5.00159e+10
-4.87915e+10
-4.75635e+10
-4.63319e+10
-4.5097e+10
-4.38587e+10
-4.26171e+10
-4.13725e+10
-4.01247e+10
-3.8874e+10
-3.76204e+10
-3.63641e+10
-3.51051e+10
-3.38434e+10
-3.25793e+10
-3.13127e+10
-3.00439e+10
-2.87728e+10
-2.74996e+10
-2.62244e+10
-2.49472e+10
-2.36682e+10
-2.23874e+10
-2.1105e+10
-1.9821e+10
-1.85355e+10
-1.72487e+10
-1.59606e+10
-1.46713e+10
-1.33809e+10
-1.20896e+10
-1.07973e+10
-9.50427e+09
-8.21052e+09
-6.91615e+09
-5.62128e+09
-4.32599e+09
-3.03038e+09
-1.73455e+09
-4.38585e+08
8.5741e+08
2.15334e+09
3.44911e+09
4.74463e+09
6.0398e+09
7.33451e+09
8.62869e+09
9.92223e+09
1.1215e+10
1.2507e+10
1.37981e+10
1.50881e+10
1.6377e+10
1.76647e+10
1.89511e+10
2.02361e+10
2.15196e+10
2.28015e+10
2.40817e+10
2.53601e+10
2.66367e+10
2.79113e+10
2.91838e+10
3.04542e+10
3.17223e+10
3.29881e+10
3.42514e+10
3.55122e+10
3.67704e+10
3.80259e+10
3.92785e+10
4.05283e+10
4.1775e+10
4.30187e+10
4.42592e+10
4.54964e+10
4.67303e+10
4.79607e+10
4.91876e+10
5.04108e+10
5.16304e+10
5.28461e+10
5.40579e+10
5.52657e+10
5.64695e+10
5.76691e+10
5.88644e+10
6.00554e+10
6.1242e+10
6.2424e+10
6.36015e+10
6.47742e+10
6.59422e+10
6.71053e+10
6.82635e+10
6.94167e+10
7.05648e+10
7.17076e+10
7.28452e+10
7.39774e+10
7.51042e+10
7.62254e+10
7.73411e+10
7.8451e+10
7.95552e+10
8.06535e+10
8.1746e+10
8.28324e+10
8.39127e+10
8.49868e+10
8.60547e+10
8.71163e+10
8.81715e+10
8.92203e+10
9.02624e+10
9.1298e+10
9.23269e+10
9.3349e+10
9.43642e+10
9.53725e+10
9.63739e+10
9.73682e+10
9.83553e+10
9.93353e+10
1.00308e+11
1.01273e+11
1.02231e+11
1.03182e+11
1.04125e+11
1.0506e+11
1.05987e+11
1.06907e+11
1.07819e+11
1.08724e+11
1.0962e+11
1.10508e+11
1.11388e+11
1.1226e+11
1.13124e+11
1.1398e+11
1.14827e+11
1.15666e+11
1.16497e+11
1.17319e+11
1.18132e+11
1.18937e+11
1.19733e+11
1.20521e+11
1.21299e+11
1.22069e+11
1.2283e+11
1.23582e+11
1.24326e+11
1.2506e+11
1.25785e+11
1.26501e+11
1.27207e+11
1.27905e+11
1.28593e+11
1.29272e+11
1.29942e+11
1.30602e+11
1.31252e+11
1.31893e+11
1.32525e+11
1.33147e+11
1.33759e+11
1.34362e+11
1.34955e+11
1.35538e+11
1.36112e+11
1.36676e+11
1.37229e+11
1.37773e+11
1.38307e+11
1.38831e+11
1.39345e+11
1.39849e+11
1.40343e+11
1.40826e+11
1.413e+11
1.41763e+11
1.42217e+11
1.4266e+11
1.43092e+11
1.43515e+11
1.43927e+11
1.44329e+11
1.4472e+11
1.45101e+11
1.45472e+11
1.45832e+11
1.46182e+11
1.46521e+11
1.4685e+11
1.47168e+11
1.47476e+11
1.47773e+11
1.48059e+11
1.48335e+11
1.48601e+11
1.48855e+11
1.491e+11
1.49333e+11
1.49556e+11
1.49768e+11
1.49969e+11
1.5016e+11
1.5034e+11
1.5051e+11
1.50668e+11
1.50816e+11
1.50953e+11
1.5108e+11
1.51195e+11
1.513e+11
1.51394e+11
1.51478e+11
1.5155e+11
1.51612e+11
1.51663e+11
1.51704e+11
1.51733e+11
1.51752e+11
1.5176e+11
1.51757e+11
1.51744e+11
1.5172e+11
1.51685e+11
1.51639e+11
1.51583e+11
1.51516e+11
1.51438e+11
1.5135e+11
1.5125e+11
1.5114e+11
1.5102e+11
1.50889e+11
1.50747e+11
1.50594e+11
1.50431e+11
1.50258e+11
1.50073e+11
1.49879e+11
1.49673e+11
1.49457e+11
1.49231e+11
1.48994e+11
1.48747e+11
1.48489e+11
1.48221e+11
1.47942e+11
1.47653e+11
1.47354e+11
1.47044e+11
1.46724e+11
1.46394e+11
1.46053e+11
1.45702e+11
1.45341e+11
1.4497e+11
1.44589e+11
1.44197e+11
1.43796e+11
1.43384e+11
1.42963e+11
1.42531e+11
1.4209e+11
1.41638e+11
1.41177e+11
1.40706e+11
1.40225e+11
1.39734e+11
1.39234e+11
1.38724e+11
1.38204e+11
1.37675e+11
1.37136e+11
1.36587e+11
1.36029e+11
1.35461e+11
1.34885e+11
1.34298e+11
1.33703e+11
1.33098e+11
1.32484e+11
1.3186e+11
1.31228e+11
1.30586e+11
1.29936e+11
1.29276e+11
1.28607e+11
1.2793e+11
1.27244e+11
1.26549e+11
1.25845e+11
1.25132e+11
1.24411e+11
1.23681e+11
1.22942e+11
1.22196e+11
1.2144e+11
1.20676e+11
1.19904e+11
1.19124e+11
1.18336e+11
1.17539e+11
1.16734e+11
1.15921e+11
1.151e+11
1.14271e+11
1.13435e+11
1.1259e+11
1.11738e+11
1.10878e+11
1.10011e+11
1.09136e+11
1.08253e+11
1.07363e+11
1.06465e+11
1.05561e+11
1.04649e+11
1.0373e+11
1.02803e+11
1.0187e+11
1.00929e+11
9.99822e+10
9.9028e+10
9.80671e+10
9.70994e+10
9.61251e+10
9.51442e+10
9.41568e+10
9.31629e+10
9.21626e+10
9.1156e+10
9.01432e+10
8.91242e+10
8.80992e+10
8.70681e+10
8.6031e+10
8.4988e+10
8.39393e+10
8.28848e+10
8.18246e+10
8.07588e+10
7.96876e+10
7.86108e+10
7.75287e+10
7.64414e+10
7.53487e+10
7.4251e+10
7.31482e+10
7.20404e+10
7.09276e+10
6.98101e+10
6.86878e+10
6.75607e+10
6.64291e+10
6.5293e+10
6.41524e+10
6.30074e+10
6.18582e+10
6.07047e+10
5.95471e+10
5.83854e+10
5.72198e+10
5.60502e+10
5.48769e+10
5.36998e+10
5.2519e+10
5.13347e+10
5.01469e+10
4.89556e+10
4.77611e+10
4.65633e+10
4.53623e+10
4.41582e+10
4.29512e+10
4.17412e+10
4.05284e+10
3.93128e+10
3.80945e+10
3.68737e+10
3.56503e+10
3.44246e+10
3.31965e+10
3.19661e+10
3.07335e+10
2.94989e+10
2.82623e+10
2.70237e+10
2.57834e+10
2.45412e+10
2.32974e+10
2.2052e+10
2.08051e+10
1.95568e+10
1.83072e+10
1.70563e+10
1.58043e+10
1.45512e+10
1.32971e+10
1.20421e+10
1.07863e+10
9.52978e+09
8.27259e+09
7.01484e+09
5.75662e+09
4.498e+09
3.23908e+09
1.97993e+09
7.20656e+08
-5.38669e+08
-1.79796e+09
-3.05713e+09
-4.31608e+09
-5.57475e+09
-6.83304e+09
-8.09086e+09
-9.34814e+09
-1.06048e+10
-1.18607e+10
-1.31158e+10
-1.437e+10
-1.56233e+10
-1.68755e+10
-1.81265e+10
-1.93763e+10
-2.06248e+10
-2.18719e+10
-2.31175e+10
-2.43616e+10
-2.5604e+10
-2.68446e+10
-2.80834e+10
-2.93203e+10
-3.05553e+10
-3.17881e+10
-3.30188e+10
-3.42472e+10
-3.54733e+10
-3.6697e+10
-3.79183e+10
-3.91369e+10
-4.03529e+10
-4.15661e+10
-4.27765e+10
-4.3984e+10
-4.51885e+10
-4.63899e+10
-4.75882e+10
-4.87832e+10
-4.99749e+10
-5.11633e+10
-5.23481e+10
-5.35294e+10
-5.4707e+10
-5.58809e+10
-5.7051e+10
-5.82172e+10
-5.93794e+10
-6.05376e+10
-6.16917e+10
-6.28416e+10
-6.39872e+10
-6.51284e+10
-6.62652e+10
-6.73975e+10
-6.85252e+10
-6.96482e+10
-7.07664e+10
-7.18799e+10
-7.29884e+10
-7.40919e+10
-7.51904e+10
-7.62838e+10
-7.73719e+10
-7.84548e+10
-7.95323e+10
-8.06044e+10
-8.16709e+10
-8.27319e+10
-8.37872e+10
-8.48368e+10
-8.58806e+10
-8.69185e+10
-8.79505e+10
-8.89765e+10
-8.99964e+10
-9.10101e+10
-9.20175e+10
-9.30187e+10
-9.40135e+10
-9.50019e+10
-9.59838e+10
-9.6959e+10
-9.79277e+10
-9.88896e+10
-9.98447e+10
-1.00793e+11
-1.01734e+11
-1.02669e+11
-1.03596e+11
-1.04516e+11
-1.05429e+11
-1.06335e+11
-1.07234e+11
-1.08125e+11
-1.09008e+11
-1.09885e+11
-1.10753e+11
-1.11614e+11
-1.12468e+11
-1.13313e+11
-1.14151e+11
-1.14981e+11
-1.15803e+11
-1.16617e+11
-1.17423e+11
-1.18221e+11
-1.19011e+11
-1.19792e+11
-1.20565e+11
-1.2133e+11
-1.22087e+11
-1.22835e+11
-1.23575e+11
-1.24306e+11
-1.25028e+11
-1.25742e+11
-1.26447e+11
-1.27144e+11
-1.27831e+11
-1.2851e+11
-1.2918e+11
-1.29841e+11
-1.30493e+11
-1.31136e+11
-1.31769e+11
-1.32394e+11
-1.3301e+11
-1.33616e+11
-1.34213e+11
-1.348e+11
-1.35379e+11
-1.35948e+11
-1.36507e+11
-1.37057e+11
-1.37597e+11
-1.38128e+11
-1.38649e+11
-1.39161e+11
-1.39663e+11
-1.40155e+11
-1.40637e+11
-1.4111e+11
-1.41572e+11
-1.42025e+11
-1.42468e+11
-1.42901e+11
-1.43324e+11
-1.43737e+11
-1.4414e+11
-1.44533e+11
-1.44916e+11
-1.45288e+11
-1.45651e+11
-1.46003e+11
-1.46345e+11
-1.46677e+11
-1.46998e+11
-1.4731e+11
-1.4761e+11
-1.47901e+11
-1.48181e+11
-1.48451e+11
-1.4871e+11
-1.48959e+11
-1.49197e+11
-1.49425e+11
-1.49643e+11
-1.4985e+11
-1.50046e+11
-1.50232e+11
-1.50407e+11
-1.50572e+11
-1.50726e+11
-1.50869e+11
-1.51002e+11
-1.51124e+11
-1.51235e+11
-1.51336e+11
-1.51426e+11
-1.51505e+11
-1.51574e+11
-1.51632e+11
-1.51679e+11
-1.51715e+11
-1.51741e+11
-1.51756e+11
-1.5176e+11
-1.51754e+11
-1.51737e+11
-1.51709e+11
-1.5167e+11
-1.5162e+11
-1.5156e+11
-1.51489e+11
-1.51407e+11
-1.51314e+11
-1.51211e+11
-1.51097e+11
-1.50972e+11
-1.50837e+11
-1.5069e+11
-1.50533e+11
-1.50365e+11
-1.50187e+11
-1.49998e+11
-1.49798e+11
-1.49587e+11
-1.49366e+11
-1.49134e+11
-1.48891e+11
-1.48638e+11
-1.48374e+11
-1.481e+11
-1.47815e+11
-1.47519e+11
-1.47213e+11
-1.46896e+11
-1.46569e+11
-1.46231e+11
-1.45883e+11
-1.45524e+11
-1.45155e+11
-1.44776e+11
-1.44386e+11
-1.43986e+11
-1.43575e+11
-1.43154e+11
-1.42723e+11
-1.42281e+11
-1.4183e+11
-1.41368e+11
-1.40895e+11
-1.40413e+11
-1.39921e+11
-1.39418e+11
-1.38906e+11
-1.38383e+11
-1.37851e+11
-1.37309e+11
-1.36756e+11
-1.36194e+11
-1.35622e+11
-1.3504e+11
-1.34448e+11
-1.33847e+11
-1.33236e+11
-1.32616e+11
-1.31985e+11
-1.31346e+11
-1.30696e+11
-1.30037e+11
-1.29369e+11
-1.28692e+11
-1.28005e+11
-1.27309e+11
-1.26603e+11
-1.25889e+11
-1.25165e+11
-1.24432e+11
-1.2369e+11
-1.2294e+11
-1.2218e+11
-1.21411e+11
-1.20634e+11
-1.19847e+11
-1.19052e+11
-1.18249e+11
-1.17437e+11
-1.16616e+11
-1.15787e+11
-1.14949e+11
-1.14103e+11
-1.13248e+11
-1.12386e+11
-1.11515e+11
-1.10636e+11
-1.09749e+11
-1.08854e+11
-1.07951e+11
-1.0704e+11
-1.06121e+11
-1.05194e+11
-1.0426e+11
-1.03318e+11
-1.02369e+11
-1.01412e+11
-1.00448e+11
-9.94763e+10
-9.84974e+10
-9.75113e+10
-9.6518e+10
-9.55177e+10
-9.45104e+10
-9.34961e+10
-9.2475e+10
-9.14471e+10
-9.04125e+10
-8.93713e+10
-8.83235e+10
-8.72692e+10
-8.62085e+10
-8.51415e+10
-8.40683e+10
-8.29889e+10
-8.19033e+10
-8.08118e+10
-7.97143e+10
-7.86109e+10
-7.75018e+10
-7.6387e+10
-7.52666e+10
-7.41406e+10
-7.30091e+10
-7.18723e+10
-7.07302e+10
-6.95829e+10
-6.84305e+10
-6.7273e+10
-6.61106e+10
-6.49433e+10
-6.37712e+10
-6.25945e+10
-6.14131e+10
-6.02271e+10
-5.90368e+10
-5.78421e+10
-5.66431e+10
-5.54399e+10
-5.42327e+10
-5.30215e+10
-5.18063e+10
-5.05873e+10
-4.93646e+10
-4.81382e+10
-4.69083e+10
-4.5675e+10
-4.44382e+10
-4.31982e+10
-4.1955e+10
-4.07086e+10
-3.94593e+10
-3.82071e+10
-3.6952e+10
-3.56942e+10
-3.44338e+10
-3.31708e+10
-3.19054e+10
-3.06376e+10
-2.93675e+10
-2.80953e+10
-2.6821e+10
-2.55447e+10
-2.42666e+10
-2.29866e+10
-2.17049e+10
-2.04217e+10
-1.91369e+10
-1.78507e+10
-1.65632e+10
-1.52744e+10
-1.39845e+10
-1.26936e+10
-1.14018e+10
-1.01091e+10
-8.81566e+09
-7.52158e+09
-6.22693e+09
-4.93182e+09
-3.63635e+09
-2.34061e+09
-1.04469e+09
2.51297e+08
1.54727e+09
2.84313e+09
4.13878e+09
5.43412e+09
6.72906e+09
8.0235e+09
9.31735e+09
1.06105e+10
1.19029e+10
1.31944e+10
1.44849e+10
1.57743e+10
1.70626e+10
1.83496e+10
1.96353e+10
2.09195e+10
2.22022e+10
2.34832e+10
2.47625e+10
2.60399e+10
2.73154e+10
2.85889e+10
2.98603e+10
3.11295e+10
3.23964e+10
3.36609e+10
3.49229e+10
3.61823e+10
3.74391e+10
3.8693e+10
3.99442e+10
4.11923e+10
4.24375e+10
4.36795e+10
4.49182e+10
4.61537e+10
4.73857e+10
4.86143e+10
4.98392e+10
5.10605e+10
5.2278e+10
5.34917e+10
5.47014e+10
5.5907e+10
5.71086e+10
5.83059e+10
5.94989e+10
6.06876e+10
6.18718e+10
6.30514e+10
6.42263e+10
6.53966e+10
6.6562e+10
6.77225e+10
6.8878e+10
7.00285e+10
7.11738e+10
7.23138e+10
7.34486e+10
7.45779e+10
7.57017e+10
7.682e+10
7.79326e+10
7.90395e+10
8.01406e+10
8.12358e+10
8.2325e+10
8.34082e+10
8.44852e+10
8.55561e+10
8.66206e+10
8.76788e+10
8.87306e+10
8.97759e+10
9.08145e+10
9.18465e+10
9.28718e+10
9.38903e+10
9.49018e+10
9.59065e+10
9.69041e+10
9.78946e+10
9.88779e+10
9.9854e+10
1.00823e+11
1.01784e+11
1.02738e+11
1.03685e+11
1.04623e+11
1.05555e+11
1.06478e+11
1.07394e+11
1.08302e+11
1.09202e+11
1.10094e+11
1.10978e+11
1.11853e+11
1.12721e+11
1.13581e+11
1.14432e+11
1.15275e+11
1.16109e+11
1.16935e+11
1.17753e+11
1.18562e+11
1.19362e+11
1.20153e+11
1.20936e+11
1.2171e+11
1.22476e+11
1.23232e+11
1.23979e+11
1.24717e+11
1.25447e+11
1.26167e+11
1.26878e+11
1.2758e+11
1.28272e+11
1.28956e+11
1.2963e+11
1.30294e+11
1.30949e+11
1.31595e+11
1.32231e+11
1.32857e+11
1.33474e+11
1.34082e+11
1.34679e+11
1.35267e+11
1.35845e+11
1.36413e+11
1.36972e+11
1.3752e+11
1.38059e+11
1.38587e+11
1.39106e+11
1.39614e+11
1.40113e+11
1.40601e+11
1.4108e+11
1.41548e+11
1.42006e+11
1.42454e+11
1.42891e+11
1.43318e+11
1.43735e+11
1.44142e+11
1.44538e+11
1.44924e+11
1.453e+11
1.45665e+11
1.46019e+11
1.46363e+11
1.46697e+11
1.4702e+11
1.47333e+11
1.47635e+11
1.47927e+11
1.48207e+11
1.48478e+11
1.48738e+11
1.48987e+11
1.49225e+11
1.49453e+11
1.4967e+11
1.49876e+11
1.50072e+11
1.50257e+11
1.50432e+11
1.50595e+11
1.50748e+11
1.5089e+11
1.51022e+11
1.51142e+11
1.51252e+11
1.51352e+11
1.5144e+11
1.51518e+11
1.51585e+11
1.51641e+11
1.51686e+11
1.51721e+11
1.51745e+11
1.51758e+11
1.5176e+11
1.51752e+11
1.51732e+11
1.51703e+11
1.51662e+11
1.51611e+11
1.51549e+11
1.51476e+11
1.51392e+11
1.51298e+11
1.51193e+11
1.51078e+11
1.50951e+11
1.50815e+11
1.50667e+11
1.50509e+11
1.5034e+11
1.50161e+11
1.49971e+11
1.49771e+11
1.4956e+11
1.49338e+11
1.49106e+11
1.48864e+11
1.48611e+11
1.48347e+11
1.48074e+11
1.4779e+11
1.47495e+11
1.4719e+11
1.46875e+11
1.46549e+11
1.46214e+11
1.45868e+11
1.45511e+11
1.45145e+11
1.44768e+11
1.44382e+11
1.43985e+11
1.43578e+11
1.43161e+11
1.42734e+11
1.42298e+11
1.41851e+11
1.41394e+11
1.40928e+11
1.40451e+11
1.39965e+11
1.39469e+11
1.38964e+11
1.38448e+11
1.37923e+11
1.37389e+11
1.36845e+11
1.36291e+11
1.35728e+11
1.35156e+11
1.34574e+11
1.33982e+11
1.33382e+11
1.32772e+11
1.32153e+11
1.31525e+11
1.30887e+11
1.30241e+11
1.29586e+11
1.28921e+11
1.28248e+11
1.27566e+11
1.26875e+11
1.26175e+11
1.25466e+11
1.24749e+11
1.24023e+11
1.23289e+11
1.22546e+11
1.21795e+11
1.21035e+11
1.20267e+11
1.1949e+11
1.18705e+11
1.17912e+11
1.17111e+11
1.16302e+11
1.15485e+11
1.1466e+11
1.13827e+11
1.12986e+11
1.12138e+11
1.11281e+11
1.10417e+11
1.09546e+11
1.08667e+11
1.0778e+11
1.06886e+11
1.05985e+11
1.05076e+11
1.0416e+11
1.03237e+11
1.02307e+11
1.0137e+11
1.00426e+11
9.94751e+10
9.85174e+10
9.75528e+10
9.65816e+10
9.56038e+10
9.46194e+10
9.36285e+10
9.26312e+10
9.16276e+10
9.06177e+10
8.96016e+10
8.85793e+10
8.7551e+10
8.65167e+10
8.54765e+10
8.44305e+10
8.33786e+10
8.23211e+10
8.1258e+10
8.01893e+10
7.91151e+10
7.80355e+10
7.69506e+10
7.58604e+10
7.4765e+10
7.36646e+10
7.25591e+10
7.14487e+10
7.03333e+10
6.92132e+10
6.80884e+10
6.69589e+10
6.58249e+10
6.46864e+10
6.35434e+10
6.23962e+10
6.12447e+10
6.0089e+10
5.89292e+10
5.77654e+10
5.65977e+10
5.54261e+10
5.42507e+10
5.30717e+10
5.1889e+10
5.07028e+10
4.95132e+10
4.83202e+10
4.71239e+10
4.59244e+10
4.47217e+10
4.35161e+10
4.23074e+10
4.10959e+10
3.98816e+10
3.86646e+10
3.7445e+10
3.62228e+10
3.49981e+10
3.37711e+10
3.25418e+10
3.13103e+10
3.00766e+10
2.88409e+10
2.76032e+10
2.63637e+10
2.51224e+10
2.38793e+10
2.26347e+10
2.13885e+10
2.01408e+10
1.88918e+10
1.76415e+10
1.639e+10
1.51374e+10
1.38838e+10
1.26292e+10
1.13737e+10
1.01175e+10
8.86063e+09
7.60313e+09
6.34512e+09
5.08668e+09
3.82788e+09
2.56883e+09
1.30961e+09
5.02965e+07
-1.20902e+09
-2.46826e+09
-3.72732e+09
-4.98614e+09
-6.24461e+09
-7.50266e+09
-8.76021e+09
-1.00172e+10
-1.12734e+10
-1.25289e+10
-1.37836e+10
-1.50373e+10
-1.629e+10
-1.75416e+10
-1.8792e+10
-2.00411e+10
-2.12889e+10
-2.25352e+10
-2.378e+10
-2.50231e+10
-2.62646e+10
-2.75043e+10
-2.87421e+10
-2.9978e+10
-3.12118e+10
-3.24435e+10
-3.3673e+10
-3.49002e+10
-3.6125e+10
-3.73474e+10
-3.85673e+10
-3.97845e+10
-4.0999e+10
-4.22108e+10
-4.34196e+10
-4.46255e+10
-4.58284e+10
-4.70282e+10
-4.82247e+10
-4.9418e+10
-5.06079e+10
-5.17944e+10
-5.29773e+10
-5.41567e+10
-5.53323e+10
-5.65042e+10
-5.76723e+10
-5.88364e+10
-5.99965e+10
-6.11525e+10
-6.23044e+10
-6.3452e+10
-6.45952e+10
-6.57341e+10
-6.68685e+10
-6.79984e+10
-6.91236e+10
-7.0244e+10
-7.13597e+10
-7.24706e+10
-7.35765e+10
-7.46773e+10
-7.57731e+10
-7.68637e+10
-7.7949e+10
-7.9029e+10
-8.01037e+10
-8.11728e+10
-8.22364e+10
-8.32944e+10
-8.43467e+10
-8.53932e+10
-8.64339e+10
-8.74686e+10
-8.84974e+10
-8.95201e+10
-9.05367e+10
-9.15471e+10
-9.25513e+10
-9.35491e+10
-9.45405e+10
-9.55254e+10
-9.65037e+10
-9.74755e+10
-9.84406e+10
-9.93989e+10
-1.0035e+11
-1.01295e+11
-1.02233e+11
-1.03163e+11
-1.04087e+11
-1.05003e+11
-1.05912e+11
-1.06814e+11
-1.07709e+11
-1.08596e+11
-1.09476e+11
-1.10348e+11
-1.11213e+11
-1.1207e+11
-1.12919e+11
-1.1376e+11
-1.14594e+11
-1.1542e+11
-1.16237e+11
-1.17047e+11
-1.17849e+11
-1.18642e+11
-1.19428e+11
-1.20205e+11
-1.20974e+11
-1.21734e+11
-1.22486e+11
-1.2323e+11
-1.23965e+11
-1.24691e+11
-1.25409e+11
-1.26119e+11
-1.26819e+11
-1.27511e+11
-1.28194e+11
-1.28868e+11
-1.29533e+11
-1.30189e+11
-1.30836e+11
-1.31474e+11
-1.32103e+11
-1.32723e+11
-1.33333e+11
-1.33935e+11
-1.34527e+11
-1.35109e+11
-1.35683e+11
-1.36247e+11
-1.36801e+11
-1.37346e+11
-1.37881e+11
-1.38407e+11
-1.38923e+11
-1.39429e+11
-1.39926e+11
-1.40413e+11
-1.4089e+11
-1.41357e+11
-1.41815e+11
-1.42262e+11
-1.427e+11
-1.43128e+11
-1.43545e+11
-1.43953e+11
-1.4435e+11
-1.44738e+11
-1.45115e+11
-1.45483e+11
-1.4584e+11
-1.46186e+11
-1.46523e+11
-1.46849e+11
-1.47165e+11
-1.47471e+11
-1.47766e+11
-1.48051e+11
-1.48326e+11
-1.4859e+11
-1.48844e+11
-1.49087e+11
-1.4932e+11
-1.49542e+11
-1.49754e+11
-1.49955e+11
-1.50146e+11
-1.50326e+11
-1.50496e+11
-1.50655e+11
-1.50803e+11
-1.50941e+11
-1.51068e+11
-1.51184e+11
-1.5129e+11
-1.51385e+11
-1.51469e+11
-1.51543e+11
-1.51606e+11
-1.51658e+11
-1.517e+11
-1.5173e+11
-1.5175e+11
-1.5176e+11
-1.51758e+11
-1.51746e+11
-1.51723e+11
-1.51689e+11
-1.51645e+11
-1.51589e+11
-1.51523e+11
-1.51447e+11
-1.51359e+11
-1.51261e+11
-1.51152e+11
-1.51032e+11
-1.50901e+11
-1.5076e+11
-1.50608e+11
-1.50445e+11
-1.50272e+11
-1.50087e+11
-1.49893e+11
-1.49687e+11
-1.49471e+11
-1.49244e+11
-1.49006e+11
-1.48758e+11
-1.48499e+11
-1.48229e+11
-1.47949e+11
-1.47659e+11
-1.47357e+11
-1.47046e+11
-1.46723e+11
-1.46391e+11
-1.46047e+11
-1.45693e+11
-1.45329e+11
-1.44955e+11
-1.44569e+11
-1.44174e+11
-1.43768e+11
-1.43352e+11
-1.42926e+11
-1.42489e+11
-1.42042e+11
-1.41585e+11
-1.41118e+11
-1.4064e+11
-1.40152e+11
-1.39655e+11
-1.39147e+11
-1.38629e+11
-1.38101e+11
-1.37563e+11
-1.37016e+11
-1.36458e+11
-1.35891e+11
-1.35313e+11
-1.34726e+11
-1.3413e+11
-1.33523e+11
-1.32907e+11
-1.32281e+11
-1.31646e+11
-1.31001e+11
-1.30347e+11
-1.29683e+11
-1.2901e+11
-1.28327e+11
-1.27635e+11
-1.26934e+11
-1.26224e+11
-1.25505e+11
-1.24776e+11
-1.24038e+11
-1.23292e+11
-1.22536e+11
-1.21772e+11
-1.20998e+11
-1.20216e+11
-1.19425e+11
-1.18626e+11
-1.17818e+11
-1.17001e+11
-1.16175e+11
-1.15342e+11
-1.14499e+11
-1.13649e+11
-1.1279e+11
-1.11923e+11
-1.11048e+11
-1.10165e+11
-1.09273e+11
-1.08374e+11
-1.07467e+11
-1.06552e+11
-1.05629e+11
-1.04698e+11
-1.0376e+11
-1.02814e+11
-1.01861e+11
-1.009e+11
-9.99316e+10
-9.89561e+10
-9.79734e+10
-9.69834e+10
-9.59864e+10
-9.49823e+10
-9.39713e+10
-9.29534e+10
-9.19287e+10
-9.08972e+10
-8.98591e+10
-8.88143e+10
-8.77631e+10
-8.67054e+10
-8.56413e+10
-8.4571e+10
-8.34944e+10
-8.24118e+10
-8.1323e+10
-8.02283e+10
-7.91277e+10
-7.80213e+10
-7.69091e+10
-7.57913e+10
-7.46679e+10
-7.3539e+10
-7.24047e+10
-7.1265e+10
-7.01201e+10
-6.89701e+10
-6.7815e+10
-6.66549e+10
-6.54898e+10
-6.432e+10
-6.31454e+10
-6.19661e+10
-6.07823e+10
-5.9594e+10
-5.84014e+10
-5.72044e+10
-5.60032e+10
-5.47978e+10
-5.35884e+10
-5.23751e+10
-5.11579e+10
-4.99369e+10
-4.87122e+10
-4.7484e+10
-4.62522e+10
-4.5017e+10
-4.37785e+10
-4.25368e+10
-4.12919e+10
-4.0044e+10
-3.87931e+10
-3.75393e+10
-3.62828e+10
-3.50236e+10
-3.37618e+10
-3.24975e+10
-3.12308e+10
-2.99618e+10
-2.86906e+10
-2.74172e+10
-2.61419e+10
-2.48646e+10
-2.35854e+10
-2.23045e+10
-2.1022e+10
-1.97379e+10
-1.84524e+10
-1.71655e+10
-1.58773e+10
-1.45879e+10
-1.32975e+10
-1.20061e+10
-1.07138e+10
-9.42067e+09
-8.12687e+09
-6.83248e+09
-5.53757e+09
-4.24226e+09
-2.94663e+09
-1.65079e+09
-3.54819e+08
9.41174e+08
2.2371e+09
3.53286e+09
4.82835e+09
6.12349e+09
7.41818e+09
8.71232e+09
1.00058e+10
1.12986e+10
1.25905e+10
1.38815e+10
1.51714e+10
1.64603e+10
1.77479e+10
1.90342e+10
2.03191e+10
2.16025e+10
2.28843e+10
2.41644e+10
2.54427e+10
2.67191e+10
2.79936e+10
2.9266e+10
3.05362e+10
3.18042e+10
3.30698e+10
3.4333e+10
3.55936e+10
3.68516e+10
3.81069e+10
3.93594e+10
4.0609e+10
4.18555e+10
4.3099e+10
4.43393e+10
4.55763e+10
4.68099e+10
4.80401e+10
4.92668e+10
5.04898e+10
5.17091e+10
5.29245e+10
5.41361e+10
5.53437e+10
5.65471e+10
5.77465e+10
5.89415e+10
6.01322e+10
6.13185e+10
6.25003e+10
6.36774e+10
6.48499e+10
6.60175e+10
6.71804e+10
6.83382e+10
6.94911e+10
7.06388e+10
7.17813e+10
7.29185e+10
7.40504e+10
7.51768e+10
7.62977e+10
7.7413e+10
7.85226e+10
7.96264e+10
8.07243e+10
8.18164e+10
8.29024e+10
8.39823e+10
8.5056e+10
8.61235e+10
8.71847e+10
8.82395e+10
8.92878e+10
9.03296e+10
9.13647e+10
9.23931e+10
9.34148e+10
9.44296e+10
9.54375e+10
9.64384e+10
9.74322e+10
9.84189e+10
9.93984e+10
1.00371e+11
1.01335e+11
1.02293e+11
1.03243e+11
1.04185e+11
1.0512e+11
1.06047e+11
1.06967e+11
1.07878e+11
1.08782e+11
1.09677e+11
1.10565e+11
1.11445e+11
1.12316e+11
1.1318e+11
1.14035e+11
1.14882e+11
1.1572e+11
1.1655e+11
1.17371e+11
1.18184e+11
1.18989e+11
1.19784e+11
1.20571e+11
1.21349e+11
1.22119e+11
1.22879e+11
1.23631e+11
1.24373e+11
1.25107e+11
1.25831e+11
1.26547e+11
1.27253e+11
1.2795e+11
1.28637e+11
1.29316e+11
1.29984e+11
1.30644e+11
1.31294e+11
1.31935e+11
1.32566e+11
1.33187e+11
1.33799e+11
1.34401e+11
1.34993e+11
1.35576e+11
1.36149e+11
1.36712e+11
1.37265e+11
1.37808e+11
1.38341e+11
1.38865e+11
1.39378e+11
1.39881e+11
1.40374e+11
1.40857e+11
1.4133e+11
1.41793e+11
1.42246e+11
1.42688e+11
1.4312e+11
1.43542e+11
1.43953e+11
1.44354e+11
1.44745e+11
1.45125e+11
1.45495e+11
1.45855e+11
1.46204e+11
1.46542e+11
1.4687e+11
1.47188e+11
1.47495e+11
1.47792e+11
1.48077e+11
1.48353e+11
1.48617e+11
1.48871e+11
1.49115e+11
1.49348e+11
1.4957e+11
1.49781e+11
1.49982e+11
1.50172e+11
1.50351e+11
1.5052e+11
1.50678e+11
1.50825e+11
1.50962e+11
1.51087e+11
1.51202e+11
1.51307e+11
1.514e+11
1.51483e+11
1.51555e+11
1.51616e+11
1.51666e+11
1.51706e+11
1.51735e+11
1.51753e+11
1.5176e+11
1.51757e+11
1.51743e+11
1.51718e+11
1.51682e+11
1.51636e+11
1.51579e+11
1.51511e+11
1.51433e+11
1.51343e+11
1.51244e+11
1.51133e+11
1.51012e+11
1.5088e+11
1.50737e+11
1.50584e+11
1.5042e+11
1.50246e+11
1.50061e+11
1.49866e+11
1.4966e+11
1.49443e+11
1.49216e+11
1.48978e+11
1.4873e+11
1.48472e+11
1.48203e+11
1.47924e+11
1.47634e+11
1.47334e+11
1.47024e+11
1.46703e+11
1.46372e+11
1.46031e+11
1.45679e+11
1.45318e+11
1.44946e+11
1.44564e+11
1.44172e+11
1.4377e+11
1.43358e+11
1.42935e+11
1.42503e+11
1.42061e+11
1.41609e+11
1.41147e+11
1.40675e+11
1.40194e+11
1.39702e+11
1.39201e+11
1.3869e+11
1.3817e+11
1.3764e+11
1.371e+11
1.36551e+11
1.35993e+11
1.35424e+11
1.34847e+11
1.3426e+11
1.33664e+11
1.33058e+11
1.32444e+11
1.3182e+11
1.31187e+11
1.30545e+11
1.29893e+11
1.29233e+11
1.28564e+11
1.27886e+11
1.27199e+11
1.26503e+11
1.25799e+11
1.25086e+11
1.24364e+11
1.23633e+11
1.22894e+11
1.22147e+11
1.21391e+11
1.20627e+11
1.19854e+11
1.19073e+11
1.18284e+11
1.17487e+11
1.16682e+11
1.15868e+11
1.15047e+11
1.14218e+11
1.1338e+11
1.12536e+11
1.11683e+11
1.10822e+11
1.09954e+11
1.09079e+11
1.08196e+11
1.07305e+11
1.06407e+11
1.05502e+11
1.0459e+11
1.0367e+11
1.02743e+11
1.01809e+11
1.00868e+11
9.99207e+10
9.89661e+10
9.80048e+10
9.70367e+10
9.60619e+10
9.50806e+10
9.40927e+10
9.30984e+10
9.20978e+10
9.10908e+10
9.00776e+10
8.90582e+10
8.80327e+10
8.70012e+10
8.59638e+10
8.49204e+10
8.38713e+10
8.28164e+10
8.17559e+10
8.06898e+10
7.96181e+10
7.85411e+10
7.74586e+10
7.63709e+10
7.52779e+10
7.41799e+10
7.30767e+10
7.19686e+10
7.08556e+10
6.97377e+10
6.86151e+10
6.74877e+10
6.63558e+10
6.52194e+10
6.40785e+10
6.29333e+10
6.17837e+10
6.063e+10
5.94721e+10
5.83102e+10
5.71443e+10
5.59745e+10
5.48009e+10
5.36236e+10
5.24426e+10
5.1258e+10
5.007e+10
4.88785e+10
4.76838e+10
4.64857e+10
4.52846e+10
4.40803e+10
4.28731e+10
4.16629e+10
4.04499e+10
3.92341e+10
3.80157e+10
3.67947e+10
3.55712e+10
3.43453e+10
3.3117e+10
3.18865e+10
3.06538e+10
2.94191e+10
2.81823e+10
2.69436e+10
2.57031e+10
2.44609e+10
2.3217e+10
2.19715e+10
2.07245e+10
1.94761e+10
1.82264e+10
1.69755e+10
1.57234e+10
1.44702e+10
1.3216e+10
1.1961e+10
1.07051e+10
9.44854e+09
8.19131e+09
6.93353e+09
5.67528e+09
4.41664e+09
3.1577e+09
1.89854e+09
6.39262e+08
-6.20064e+08
-1.87935e+09
-3.1385e+09
-4.39745e+09
-5.65609e+09
-6.91435e+09
-8.17214e+09
-9.42938e+09
-1.0686e+10
-1.19418e+10
-1.31969e+10
-1.44511e+10
-1.57043e+10
-1.69564e+10
-1.82073e+10
-1.94571e+10
-2.07055e+10
-2.19525e+10
-2.3198e+10
-2.44419e+10
-2.56842e+10
-2.69247e+10
-2.81634e+10
-2.94002e+10
-3.0635e+10
-3.18677e+10
-3.30983e+10
-3.43266e+10
-3.55525e+10
-3.67761e+10
-3.79971e+10
-3.92156e+10
-4.04314e+10
-4.16444e+10
-4.28546e+10
-4.40619e+10
-4.52662e+10
-4.64675e+10
-4.76655e+10
-4.88603e+10
-5.00518e+10
-5.12399e+10
-5.24245e+10
-5.36056e+10
-5.4783e+10
-5.59566e+10
-5.71265e+10
-5.82924e+10
-5.94544e+10
-6.06124e+10
-6.17662e+10
-6.29158e+10
-6.40611e+10
-6.5202e+10
-6.63385e+10
-6.74705e+10
-6.85979e+10
-6.97206e+10
-7.08386e+10
-7.19517e+10
-7.30599e+10
-7.41631e+10
-7.52612e+10
-7.63543e+10
-7.74421e+10
-7.85246e+10
-7.96017e+10
-8.06735e+10
-8.17397e+10
-8.28003e+10
-8.38552e+10
-8.49045e+10
-8.59479e+10
-8.69854e+10
-8.8017e+10
-8.90426e+10
-9.00621e+10
-9.10754e+10
-9.20825e+10
-9.30832e+10
-9.40776e+10
-9.50656e+10
-9.6047e+10
-9.70218e+10
-9.799e+10
-9.89515e+10
-9.99062e+10
-1.00854e+11
-1.01795e+11
-1.02729e+11
-1.03656e+11
-1.04576e+11
-1.05488e+11
-1.06393e+11
-1.07291e+11
-1.08182e+11
-1.09065e+11
-1.09941e+11
-1.10809e+11
-1.1167e+11
-1.12523e+11
-1.13368e+11
-1.14205e+11
-1.15034e+11
-1.15856e+11
-1.16669e+11
-1.17475e+11
-1.18272e+11
-1.19061e+11
-1.19842e+11
-1.20615e+11
-1.2138e+11
-1.22136e+11
-1.22883e+11
-1.23622e+11
-1.24353e+11
-1.25075e+11
-1.25788e+11
-1.26493e+11
-1.27188e+11
-1.27875e+11
-1.28554e+11
-1.29223e+11
-1.29883e+11
-1.30535e+11
-1.31177e+11
-1.3181e+11
-1.32434e+11
-1.33049e+11
-1.33655e+11
-1.34251e+11
-1.34838e+11
-1.35416e+11
-1.35984e+11
-1.36543e+11
-1.37092e+11
-1.37632e+11
-1.38162e+11
-1.38683e+11
-1.39194e+11
-1.39695e+11
-1.40186e+11
-1.40668e+11
-1.4114e+11
-1.41602e+11
-1.42054e+11
-1.42496e+11
-1.42929e+11
-1.43351e+11
-1.43763e+11
-1.44166e+11
-1.44558e+11
-1.4494e+11
-1.45312e+11
-1.45674e+11
-1.46025e+11
-1.46367e+11
-1.46698e+11
-1.47019e+11
-1.47329e+11
-1.4763e+11
-1.47919e+11
-1.48199e+11
-1.48468e+11
-1.48727e+11
-1.48975e+11
-1.49212e+11
-1.4944e+11
-1.49656e+11
-1.49863e+11
-1.50058e+11
-1.50243e+11
-1.50418e+11
-1.50582e+11
-1.50735e+11
-1.50878e+11
-1.5101e+11
-1.51131e+11
-1.51242e+11
-1.51342e+11
-1.51431e+11
-1.5151e+11
-1.51578e+11
-1.51635e+11
-1.51682e+11
-1.51717e+11
-1.51742e+11
-1.51757e+11
-1.5176e+11
-1.51753e+11
-1.51735e+11
-1.51706e+11
-1.51667e+11
-1.51617e+11
-1.51556e+11
-1.51484e+11
-1.51401e+11
-1.51308e+11
-1.51204e+11
-1.51089e+11
-1.50964e+11
-1.50827e+11
-1.5068e+11
-1.50523e+11
-1.50354e+11
-1.50175e+11
-1.49985e+11
-1.49784e+11
-1.49573e+11
-1.49351e+11
-1.49119e+11
-1.48875e+11
-1.48621e+11
-1.48357e+11
-1.48082e+11
-1.47796e+11
-1.475e+11
-1.47193e+11
-1.46875e+11
-1.46548e+11
-1.46209e+11
-1.4586e+11
-1.45501e+11
-1.45131e+11
-1.44751e+11
-1.4436e+11
-1.43959e+11
-1.43548e+11
-1.43126e+11
-1.42694e+11
-1.42252e+11
-1.418e+11
-1.41337e+11
-1.40865e+11
-1.40382e+11
-1.39889e+11
-1.39386e+11
-1.38872e+11
-1.38349e+11
-1.37816e+11
-1.37273e+11
-1.3672e+11
-1.36157e+11
-1.35585e+11
-1.35002e+11
-1.3441e+11
-1.33808e+11
-1.33196e+11
-1.32575e+11
-1.31944e+11
-1.31304e+11
-1.30654e+11
-1.29995e+11
-1.29326e+11
-1.28648e+11
-1.2796e+11
-1.27263e+11
-1.26557e+11
-1.25842e+11
-1.25118e+11
-1.24385e+11
-1.23642e+11
-1.22891e+11
-1.2213e+11
-1.21361e+11
-1.20583e+11
-1.19796e+11
-1.19001e+11
-1.18197e+11
-1.17384e+11
-1.16562e+11
-1.15733e+11
-1.14894e+11
-1.14048e+11
-1.13193e+11
-1.1233e+11
-1.11458e+11
-1.10579e+11
-1.09691e+11
-1.08795e+11
-1.07892e+11
-1.06981e+11
-1.06061e+11
-1.05134e+11
-1.042e+11
-1.03257e+11
-1.02307e+11
-1.0135e+11
-1.00385e+11
-9.94133e+10
-9.84339e+10
-9.74473e+10
-9.64536e+10
-9.54528e+10
-9.4445e+10
-9.34303e+10
-9.24088e+10
-9.13804e+10
-9.03454e+10
-8.93038e+10
-8.82555e+10
-8.72009e+10
-8.61398e+10
-8.50724e+10
-8.39987e+10
-8.29189e+10
-8.1833e+10
-8.0741e+10
-7.96432e+10
-7.85394e+10
-7.74299e+10
-7.63147e+10
-7.51939e+10
-7.40676e+10
-7.29358e+10
-7.17987e+10
-7.06562e+10
-6.95086e+10
-6.83558e+10
-6.7198e+10
-6.60353e+10
-6.48677e+10
-6.36953e+10
-6.25182e+10
-6.13365e+10
-6.01503e+10
-5.89597e+10
-5.77647e+10
-5.65655e+10
-5.5362e+10
-5.41545e+10
-5.2943e+10
-5.17276e+10
-5.05084e+10
-4.92854e+10
-4.80589e+10
-4.68287e+10
-4.55951e+10
-4.43582e+10
